, where, what, value
0, Driver, kernel_time, 0.000034762000
1, Driver, total_time, 0.000039114000
2, GPU[1].CommandProcessor, kernel_time, 0.000029078000
3, GPU[2].CommandProcessor, kernel_time, 0.000029516000
4, GPU[3].CommandProcessor, kernel_time, 0.000034114000
5, GPU[4].CommandProcessor, kernel_time, 0.000034170000
6, GPU[1].SA[0].CU[0], cu_inst_count, 2340.000000000000
7, GPU[1].SA[0].CU[0], cu_CPI, 14.855555555556
8, GPU[1].SA[0].CU[0], cu_IPC, 0.067314884069
9, GPU[1].SA[0].CU[0], simd_inst_count, 1964.000000000000
10, GPU[1].SA[0].CU[0], simd_CPI, 17.699592668024
11, GPU[1].SA[0].CU[1], cu_inst_count, 2340.000000000000
12, GPU[1].SA[0].CU[1], cu_CPI, 14.855555555556
13, GPU[1].SA[0].CU[1], cu_IPC, 0.067314884069
14, GPU[1].SA[0].CU[1], simd_inst_count, 1964.000000000000
15, GPU[1].SA[0].CU[1], simd_CPI, 17.699592668024
16, GPU[1].SA[0].CU[2], cu_inst_count, 0.000000000000
17, GPU[1].SA[0].CU[2], cu_CPI, +Inf
18, GPU[1].SA[0].CU[2], cu_IPC, 0.000000000000
19, GPU[1].SA[0].CU[2], simd_inst_count, 0.000000000000
20, GPU[1].SA[0].CU[2], simd_CPI, +Inf
21, GPU[1].SA[0].CU[3], cu_inst_count, 0.000000000000
22, GPU[1].SA[0].CU[3], cu_CPI, +Inf
23, GPU[1].SA[0].CU[3], cu_IPC, 0.000000000000
24, GPU[1].SA[0].CU[3], simd_inst_count, 0.000000000000
25, GPU[1].SA[0].CU[3], simd_CPI, +Inf
26, GPU[1].SA[1].CU[0], cu_inst_count, 0.000000000000
27, GPU[1].SA[1].CU[0], cu_CPI, +Inf
28, GPU[1].SA[1].CU[0], cu_IPC, 0.000000000000
29, GPU[1].SA[1].CU[0], simd_inst_count, 0.000000000000
30, GPU[1].SA[1].CU[0], simd_CPI, +Inf
31, GPU[1].SA[1].CU[1], cu_inst_count, 0.000000000000
32, GPU[1].SA[1].CU[1], cu_CPI, +Inf
33, GPU[1].SA[1].CU[1], cu_IPC, 0.000000000000
34, GPU[1].SA[1].CU[1], simd_inst_count, 0.000000000000
35, GPU[1].SA[1].CU[1], simd_CPI, +Inf
36, GPU[1].SA[1].CU[2], cu_inst_count, 0.000000000000
37, GPU[1].SA[1].CU[2], cu_CPI, +Inf
38, GPU[1].SA[1].CU[2], cu_IPC, 0.000000000000
39, GPU[1].SA[1].CU[2], simd_inst_count, 0.000000000000
40, GPU[1].SA[1].CU[2], simd_CPI, +Inf
41, GPU[1].SA[1].CU[3], cu_inst_count, 0.000000000000
42, GPU[1].SA[1].CU[3], cu_CPI, +Inf
43, GPU[1].SA[1].CU[3], cu_IPC, 0.000000000000
44, GPU[1].SA[1].CU[3], simd_inst_count, 0.000000000000
45, GPU[1].SA[1].CU[3], simd_CPI, +Inf
46, GPU[1].SA[2].CU[0], cu_inst_count, 0.000000000000
47, GPU[1].SA[2].CU[0], cu_CPI, +Inf
48, GPU[1].SA[2].CU[0], cu_IPC, 0.000000000000
49, GPU[1].SA[2].CU[0], simd_inst_count, 0.000000000000
50, GPU[1].SA[2].CU[0], simd_CPI, +Inf
51, GPU[1].SA[2].CU[1], cu_inst_count, 0.000000000000
52, GPU[1].SA[2].CU[1], cu_CPI, +Inf
53, GPU[1].SA[2].CU[1], cu_IPC, 0.000000000000
54, GPU[1].SA[2].CU[1], simd_inst_count, 0.000000000000
55, GPU[1].SA[2].CU[1], simd_CPI, +Inf
56, GPU[1].SA[2].CU[2], cu_inst_count, 0.000000000000
57, GPU[1].SA[2].CU[2], cu_CPI, +Inf
58, GPU[1].SA[2].CU[2], cu_IPC, 0.000000000000
59, GPU[1].SA[2].CU[2], simd_inst_count, 0.000000000000
60, GPU[1].SA[2].CU[2], simd_CPI, +Inf
61, GPU[1].SA[2].CU[3], cu_inst_count, 0.000000000000
62, GPU[1].SA[2].CU[3], cu_CPI, +Inf
63, GPU[1].SA[2].CU[3], cu_IPC, 0.000000000000
64, GPU[1].SA[2].CU[3], simd_inst_count, 0.000000000000
65, GPU[1].SA[2].CU[3], simd_CPI, +Inf
66, GPU[1].SA[3].CU[0], cu_inst_count, 0.000000000000
67, GPU[1].SA[3].CU[0], cu_CPI, +Inf
68, GPU[1].SA[3].CU[0], cu_IPC, 0.000000000000
69, GPU[1].SA[3].CU[0], simd_inst_count, 0.000000000000
70, GPU[1].SA[3].CU[0], simd_CPI, +Inf
71, GPU[1].SA[3].CU[1], cu_inst_count, 0.000000000000
72, GPU[1].SA[3].CU[1], cu_CPI, +Inf
73, GPU[1].SA[3].CU[1], cu_IPC, 0.000000000000
74, GPU[1].SA[3].CU[1], simd_inst_count, 0.000000000000
75, GPU[1].SA[3].CU[1], simd_CPI, +Inf
76, GPU[1].SA[3].CU[2], cu_inst_count, 0.000000000000
77, GPU[1].SA[3].CU[2], cu_CPI, +Inf
78, GPU[1].SA[3].CU[2], cu_IPC, 0.000000000000
79, GPU[1].SA[3].CU[2], simd_inst_count, 0.000000000000
80, GPU[1].SA[3].CU[2], simd_CPI, +Inf
81, GPU[1].SA[3].CU[3], cu_inst_count, 0.000000000000
82, GPU[1].SA[3].CU[3], cu_CPI, +Inf
83, GPU[1].SA[3].CU[3], cu_IPC, 0.000000000000
84, GPU[1].SA[3].CU[3], simd_inst_count, 0.000000000000
85, GPU[1].SA[3].CU[3], simd_CPI, +Inf
86, GPU[1].SA[4].CU[0], cu_inst_count, 0.000000000000
87, GPU[1].SA[4].CU[0], cu_CPI, +Inf
88, GPU[1].SA[4].CU[0], cu_IPC, 0.000000000000
89, GPU[1].SA[4].CU[0], simd_inst_count, 0.000000000000
90, GPU[1].SA[4].CU[0], simd_CPI, +Inf
91, GPU[1].SA[4].CU[1], cu_inst_count, 0.000000000000
92, GPU[1].SA[4].CU[1], cu_CPI, +Inf
93, GPU[1].SA[4].CU[1], cu_IPC, 0.000000000000
94, GPU[1].SA[4].CU[1], simd_inst_count, 0.000000000000
95, GPU[1].SA[4].CU[1], simd_CPI, +Inf
96, GPU[1].SA[4].CU[2], cu_inst_count, 0.000000000000
97, GPU[1].SA[4].CU[2], cu_CPI, +Inf
98, GPU[1].SA[4].CU[2], cu_IPC, 0.000000000000
99, GPU[1].SA[4].CU[2], simd_inst_count, 0.000000000000
100, GPU[1].SA[4].CU[2], simd_CPI, +Inf
101, GPU[1].SA[4].CU[3], cu_inst_count, 0.000000000000
102, GPU[1].SA[4].CU[3], cu_CPI, +Inf
103, GPU[1].SA[4].CU[3], cu_IPC, 0.000000000000
104, GPU[1].SA[4].CU[3], simd_inst_count, 0.000000000000
105, GPU[1].SA[4].CU[3], simd_CPI, +Inf
106, GPU[1].SA[5].CU[0], cu_inst_count, 0.000000000000
107, GPU[1].SA[5].CU[0], cu_CPI, +Inf
108, GPU[1].SA[5].CU[0], cu_IPC, 0.000000000000
109, GPU[1].SA[5].CU[0], simd_inst_count, 0.000000000000
110, GPU[1].SA[5].CU[0], simd_CPI, +Inf
111, GPU[1].SA[5].CU[1], cu_inst_count, 0.000000000000
112, GPU[1].SA[5].CU[1], cu_CPI, +Inf
113, GPU[1].SA[5].CU[1], cu_IPC, 0.000000000000
114, GPU[1].SA[5].CU[1], simd_inst_count, 0.000000000000
115, GPU[1].SA[5].CU[1], simd_CPI, +Inf
116, GPU[1].SA[5].CU[2], cu_inst_count, 0.000000000000
117, GPU[1].SA[5].CU[2], cu_CPI, +Inf
118, GPU[1].SA[5].CU[2], cu_IPC, 0.000000000000
119, GPU[1].SA[5].CU[2], simd_inst_count, 0.000000000000
120, GPU[1].SA[5].CU[2], simd_CPI, +Inf
121, GPU[1].SA[5].CU[3], cu_inst_count, 0.000000000000
122, GPU[1].SA[5].CU[3], cu_CPI, +Inf
123, GPU[1].SA[5].CU[3], cu_IPC, 0.000000000000
124, GPU[1].SA[5].CU[3], simd_inst_count, 0.000000000000
125, GPU[1].SA[5].CU[3], simd_CPI, +Inf
126, GPU[1].SA[6].CU[0], cu_inst_count, 0.000000000000
127, GPU[1].SA[6].CU[0], cu_CPI, +Inf
128, GPU[1].SA[6].CU[0], cu_IPC, 0.000000000000
129, GPU[1].SA[6].CU[0], simd_inst_count, 0.000000000000
130, GPU[1].SA[6].CU[0], simd_CPI, +Inf
131, GPU[1].SA[6].CU[1], cu_inst_count, 0.000000000000
132, GPU[1].SA[6].CU[1], cu_CPI, +Inf
133, GPU[1].SA[6].CU[1], cu_IPC, 0.000000000000
134, GPU[1].SA[6].CU[1], simd_inst_count, 0.000000000000
135, GPU[1].SA[6].CU[1], simd_CPI, +Inf
136, GPU[1].SA[6].CU[2], cu_inst_count, 0.000000000000
137, GPU[1].SA[6].CU[2], cu_CPI, +Inf
138, GPU[1].SA[6].CU[2], cu_IPC, 0.000000000000
139, GPU[1].SA[6].CU[2], simd_inst_count, 0.000000000000
140, GPU[1].SA[6].CU[2], simd_CPI, +Inf
141, GPU[1].SA[6].CU[3], cu_inst_count, 0.000000000000
142, GPU[1].SA[6].CU[3], cu_CPI, +Inf
143, GPU[1].SA[6].CU[3], cu_IPC, 0.000000000000
144, GPU[1].SA[6].CU[3], simd_inst_count, 0.000000000000
145, GPU[1].SA[6].CU[3], simd_CPI, +Inf
146, GPU[1].SA[7].CU[0], cu_inst_count, 0.000000000000
147, GPU[1].SA[7].CU[0], cu_CPI, +Inf
148, GPU[1].SA[7].CU[0], cu_IPC, 0.000000000000
149, GPU[1].SA[7].CU[0], simd_inst_count, 0.000000000000
150, GPU[1].SA[7].CU[0], simd_CPI, +Inf
151, GPU[1].SA[7].CU[1], cu_inst_count, 0.000000000000
152, GPU[1].SA[7].CU[1], cu_CPI, +Inf
153, GPU[1].SA[7].CU[1], cu_IPC, 0.000000000000
154, GPU[1].SA[7].CU[1], simd_inst_count, 0.000000000000
155, GPU[1].SA[7].CU[1], simd_CPI, +Inf
156, GPU[1].SA[7].CU[2], cu_inst_count, 0.000000000000
157, GPU[1].SA[7].CU[2], cu_CPI, +Inf
158, GPU[1].SA[7].CU[2], cu_IPC, 0.000000000000
159, GPU[1].SA[7].CU[2], simd_inst_count, 0.000000000000
160, GPU[1].SA[7].CU[2], simd_CPI, +Inf
161, GPU[1].SA[7].CU[3], cu_inst_count, 0.000000000000
162, GPU[1].SA[7].CU[3], cu_CPI, +Inf
163, GPU[1].SA[7].CU[3], cu_IPC, 0.000000000000
164, GPU[1].SA[7].CU[3], simd_inst_count, 0.000000000000
165, GPU[1].SA[7].CU[3], simd_CPI, +Inf
166, GPU[1].SA[8].CU[0], cu_inst_count, 0.000000000000
167, GPU[1].SA[8].CU[0], cu_CPI, +Inf
168, GPU[1].SA[8].CU[0], cu_IPC, 0.000000000000
169, GPU[1].SA[8].CU[0], simd_inst_count, 0.000000000000
170, GPU[1].SA[8].CU[0], simd_CPI, +Inf
171, GPU[1].SA[8].CU[1], cu_inst_count, 0.000000000000
172, GPU[1].SA[8].CU[1], cu_CPI, +Inf
173, GPU[1].SA[8].CU[1], cu_IPC, 0.000000000000
174, GPU[1].SA[8].CU[1], simd_inst_count, 0.000000000000
175, GPU[1].SA[8].CU[1], simd_CPI, +Inf
176, GPU[1].SA[8].CU[2], cu_inst_count, 0.000000000000
177, GPU[1].SA[8].CU[2], cu_CPI, +Inf
178, GPU[1].SA[8].CU[2], cu_IPC, 0.000000000000
179, GPU[1].SA[8].CU[2], simd_inst_count, 0.000000000000
180, GPU[1].SA[8].CU[2], simd_CPI, +Inf
181, GPU[1].SA[8].CU[3], cu_inst_count, 0.000000000000
182, GPU[1].SA[8].CU[3], cu_CPI, +Inf
183, GPU[1].SA[8].CU[3], cu_IPC, 0.000000000000
184, GPU[1].SA[8].CU[3], simd_inst_count, 0.000000000000
185, GPU[1].SA[8].CU[3], simd_CPI, +Inf
186, GPU[1].SA[9].CU[0], cu_inst_count, 0.000000000000
187, GPU[1].SA[9].CU[0], cu_CPI, +Inf
188, GPU[1].SA[9].CU[0], cu_IPC, 0.000000000000
189, GPU[1].SA[9].CU[0], simd_inst_count, 0.000000000000
190, GPU[1].SA[9].CU[0], simd_CPI, +Inf
191, GPU[1].SA[9].CU[1], cu_inst_count, 0.000000000000
192, GPU[1].SA[9].CU[1], cu_CPI, +Inf
193, GPU[1].SA[9].CU[1], cu_IPC, 0.000000000000
194, GPU[1].SA[9].CU[1], simd_inst_count, 0.000000000000
195, GPU[1].SA[9].CU[1], simd_CPI, +Inf
196, GPU[1].SA[9].CU[2], cu_inst_count, 0.000000000000
197, GPU[1].SA[9].CU[2], cu_CPI, +Inf
198, GPU[1].SA[9].CU[2], cu_IPC, 0.000000000000
199, GPU[1].SA[9].CU[2], simd_inst_count, 0.000000000000
200, GPU[1].SA[9].CU[2], simd_CPI, +Inf
201, GPU[1].SA[9].CU[3], cu_inst_count, 0.000000000000
202, GPU[1].SA[9].CU[3], cu_CPI, +Inf
203, GPU[1].SA[9].CU[3], cu_IPC, 0.000000000000
204, GPU[1].SA[9].CU[3], simd_inst_count, 0.000000000000
205, GPU[1].SA[9].CU[3], simd_CPI, +Inf
206, GPU[1].SA[10].CU[0], cu_inst_count, 0.000000000000
207, GPU[1].SA[10].CU[0], cu_CPI, +Inf
208, GPU[1].SA[10].CU[0], cu_IPC, 0.000000000000
209, GPU[1].SA[10].CU[0], simd_inst_count, 0.000000000000
210, GPU[1].SA[10].CU[0], simd_CPI, +Inf
211, GPU[1].SA[10].CU[1], cu_inst_count, 0.000000000000
212, GPU[1].SA[10].CU[1], cu_CPI, +Inf
213, GPU[1].SA[10].CU[1], cu_IPC, 0.000000000000
214, GPU[1].SA[10].CU[1], simd_inst_count, 0.000000000000
215, GPU[1].SA[10].CU[1], simd_CPI, +Inf
216, GPU[1].SA[10].CU[2], cu_inst_count, 0.000000000000
217, GPU[1].SA[10].CU[2], cu_CPI, +Inf
218, GPU[1].SA[10].CU[2], cu_IPC, 0.000000000000
219, GPU[1].SA[10].CU[2], simd_inst_count, 0.000000000000
220, GPU[1].SA[10].CU[2], simd_CPI, +Inf
221, GPU[1].SA[10].CU[3], cu_inst_count, 0.000000000000
222, GPU[1].SA[10].CU[3], cu_CPI, +Inf
223, GPU[1].SA[10].CU[3], cu_IPC, 0.000000000000
224, GPU[1].SA[10].CU[3], simd_inst_count, 0.000000000000
225, GPU[1].SA[10].CU[3], simd_CPI, +Inf
226, GPU[1].SA[11].CU[0], cu_inst_count, 0.000000000000
227, GPU[1].SA[11].CU[0], cu_CPI, +Inf
228, GPU[1].SA[11].CU[0], cu_IPC, 0.000000000000
229, GPU[1].SA[11].CU[0], simd_inst_count, 0.000000000000
230, GPU[1].SA[11].CU[0], simd_CPI, +Inf
231, GPU[1].SA[11].CU[1], cu_inst_count, 0.000000000000
232, GPU[1].SA[11].CU[1], cu_CPI, +Inf
233, GPU[1].SA[11].CU[1], cu_IPC, 0.000000000000
234, GPU[1].SA[11].CU[1], simd_inst_count, 0.000000000000
235, GPU[1].SA[11].CU[1], simd_CPI, +Inf
236, GPU[1].SA[11].CU[2], cu_inst_count, 0.000000000000
237, GPU[1].SA[11].CU[2], cu_CPI, +Inf
238, GPU[1].SA[11].CU[2], cu_IPC, 0.000000000000
239, GPU[1].SA[11].CU[2], simd_inst_count, 0.000000000000
240, GPU[1].SA[11].CU[2], simd_CPI, +Inf
241, GPU[1].SA[11].CU[3], cu_inst_count, 0.000000000000
242, GPU[1].SA[11].CU[3], cu_CPI, +Inf
243, GPU[1].SA[11].CU[3], cu_IPC, 0.000000000000
244, GPU[1].SA[11].CU[3], simd_inst_count, 0.000000000000
245, GPU[1].SA[11].CU[3], simd_CPI, +Inf
246, GPU[1].SA[12].CU[0], cu_inst_count, 0.000000000000
247, GPU[1].SA[12].CU[0], cu_CPI, +Inf
248, GPU[1].SA[12].CU[0], cu_IPC, 0.000000000000
249, GPU[1].SA[12].CU[0], simd_inst_count, 0.000000000000
250, GPU[1].SA[12].CU[0], simd_CPI, +Inf
251, GPU[1].SA[12].CU[1], cu_inst_count, 0.000000000000
252, GPU[1].SA[12].CU[1], cu_CPI, +Inf
253, GPU[1].SA[12].CU[1], cu_IPC, 0.000000000000
254, GPU[1].SA[12].CU[1], simd_inst_count, 0.000000000000
255, GPU[1].SA[12].CU[1], simd_CPI, +Inf
256, GPU[1].SA[12].CU[2], cu_inst_count, 0.000000000000
257, GPU[1].SA[12].CU[2], cu_CPI, +Inf
258, GPU[1].SA[12].CU[2], cu_IPC, 0.000000000000
259, GPU[1].SA[12].CU[2], simd_inst_count, 0.000000000000
260, GPU[1].SA[12].CU[2], simd_CPI, +Inf
261, GPU[1].SA[12].CU[3], cu_inst_count, 0.000000000000
262, GPU[1].SA[12].CU[3], cu_CPI, +Inf
263, GPU[1].SA[12].CU[3], cu_IPC, 0.000000000000
264, GPU[1].SA[12].CU[3], simd_inst_count, 0.000000000000
265, GPU[1].SA[12].CU[3], simd_CPI, +Inf
266, GPU[1].SA[13].CU[0], cu_inst_count, 0.000000000000
267, GPU[1].SA[13].CU[0], cu_CPI, +Inf
268, GPU[1].SA[13].CU[0], cu_IPC, 0.000000000000
269, GPU[1].SA[13].CU[0], simd_inst_count, 0.000000000000
270, GPU[1].SA[13].CU[0], simd_CPI, +Inf
271, GPU[1].SA[13].CU[1], cu_inst_count, 0.000000000000
272, GPU[1].SA[13].CU[1], cu_CPI, +Inf
273, GPU[1].SA[13].CU[1], cu_IPC, 0.000000000000
274, GPU[1].SA[13].CU[1], simd_inst_count, 0.000000000000
275, GPU[1].SA[13].CU[1], simd_CPI, +Inf
276, GPU[1].SA[13].CU[2], cu_inst_count, 0.000000000000
277, GPU[1].SA[13].CU[2], cu_CPI, +Inf
278, GPU[1].SA[13].CU[2], cu_IPC, 0.000000000000
279, GPU[1].SA[13].CU[2], simd_inst_count, 0.000000000000
280, GPU[1].SA[13].CU[2], simd_CPI, +Inf
281, GPU[1].SA[13].CU[3], cu_inst_count, 0.000000000000
282, GPU[1].SA[13].CU[3], cu_CPI, +Inf
283, GPU[1].SA[13].CU[3], cu_IPC, 0.000000000000
284, GPU[1].SA[13].CU[3], simd_inst_count, 0.000000000000
285, GPU[1].SA[13].CU[3], simd_CPI, +Inf
286, GPU[1].SA[14].CU[0], cu_inst_count, 0.000000000000
287, GPU[1].SA[14].CU[0], cu_CPI, +Inf
288, GPU[1].SA[14].CU[0], cu_IPC, 0.000000000000
289, GPU[1].SA[14].CU[0], simd_inst_count, 0.000000000000
290, GPU[1].SA[14].CU[0], simd_CPI, +Inf
291, GPU[1].SA[14].CU[1], cu_inst_count, 0.000000000000
292, GPU[1].SA[14].CU[1], cu_CPI, +Inf
293, GPU[1].SA[14].CU[1], cu_IPC, 0.000000000000
294, GPU[1].SA[14].CU[1], simd_inst_count, 0.000000000000
295, GPU[1].SA[14].CU[1], simd_CPI, +Inf
296, GPU[1].SA[14].CU[2], cu_inst_count, 0.000000000000
297, GPU[1].SA[14].CU[2], cu_CPI, +Inf
298, GPU[1].SA[14].CU[2], cu_IPC, 0.000000000000
299, GPU[1].SA[14].CU[2], simd_inst_count, 0.000000000000
300, GPU[1].SA[14].CU[2], simd_CPI, +Inf
301, GPU[1].SA[14].CU[3], cu_inst_count, 0.000000000000
302, GPU[1].SA[14].CU[3], cu_CPI, +Inf
303, GPU[1].SA[14].CU[3], cu_IPC, 0.000000000000
304, GPU[1].SA[14].CU[3], simd_inst_count, 0.000000000000
305, GPU[1].SA[14].CU[3], simd_CPI, +Inf
306, GPU[1].SA[15].CU[0], cu_inst_count, 0.000000000000
307, GPU[1].SA[15].CU[0], cu_CPI, +Inf
308, GPU[1].SA[15].CU[0], cu_IPC, 0.000000000000
309, GPU[1].SA[15].CU[0], simd_inst_count, 0.000000000000
310, GPU[1].SA[15].CU[0], simd_CPI, +Inf
311, GPU[1].SA[15].CU[1], cu_inst_count, 0.000000000000
312, GPU[1].SA[15].CU[1], cu_CPI, +Inf
313, GPU[1].SA[15].CU[1], cu_IPC, 0.000000000000
314, GPU[1].SA[15].CU[1], simd_inst_count, 0.000000000000
315, GPU[1].SA[15].CU[1], simd_CPI, +Inf
316, GPU[1].SA[15].CU[2], cu_inst_count, 0.000000000000
317, GPU[1].SA[15].CU[2], cu_CPI, +Inf
318, GPU[1].SA[15].CU[2], cu_IPC, 0.000000000000
319, GPU[1].SA[15].CU[2], simd_inst_count, 0.000000000000
320, GPU[1].SA[15].CU[2], simd_CPI, +Inf
321, GPU[1].SA[15].CU[3], cu_inst_count, 0.000000000000
322, GPU[1].SA[15].CU[3], cu_CPI, +Inf
323, GPU[1].SA[15].CU[3], cu_IPC, 0.000000000000
324, GPU[1].SA[15].CU[3], simd_inst_count, 0.000000000000
325, GPU[1].SA[15].CU[3], simd_CPI, +Inf
326, GPU[2].SA[0].CU[0], cu_inst_count, 2340.000000000000
327, GPU[2].SA[0].CU[0], cu_CPI, 14.855555555556
328, GPU[2].SA[0].CU[0], cu_IPC, 0.067314884069
329, GPU[2].SA[0].CU[0], simd_inst_count, 1967.000000000000
330, GPU[2].SA[0].CU[0], simd_CPI, 17.672597864769
331, GPU[2].SA[0].CU[1], cu_inst_count, 2340.000000000000
332, GPU[2].SA[0].CU[1], cu_CPI, 14.855555555556
333, GPU[2].SA[0].CU[1], cu_IPC, 0.067314884069
334, GPU[2].SA[0].CU[1], simd_inst_count, 1967.000000000000
335, GPU[2].SA[0].CU[1], simd_CPI, 17.672597864769
336, GPU[2].SA[0].CU[2], cu_inst_count, 0.000000000000
337, GPU[2].SA[0].CU[2], cu_CPI, +Inf
338, GPU[2].SA[0].CU[2], cu_IPC, 0.000000000000
339, GPU[2].SA[0].CU[2], simd_inst_count, 0.000000000000
340, GPU[2].SA[0].CU[2], simd_CPI, +Inf
341, GPU[2].SA[0].CU[3], cu_inst_count, 0.000000000000
342, GPU[2].SA[0].CU[3], cu_CPI, +Inf
343, GPU[2].SA[0].CU[3], cu_IPC, 0.000000000000
344, GPU[2].SA[0].CU[3], simd_inst_count, 0.000000000000
345, GPU[2].SA[0].CU[3], simd_CPI, +Inf
346, GPU[2].SA[1].CU[0], cu_inst_count, 0.000000000000
347, GPU[2].SA[1].CU[0], cu_CPI, +Inf
348, GPU[2].SA[1].CU[0], cu_IPC, 0.000000000000
349, GPU[2].SA[1].CU[0], simd_inst_count, 0.000000000000
350, GPU[2].SA[1].CU[0], simd_CPI, +Inf
351, GPU[2].SA[1].CU[1], cu_inst_count, 0.000000000000
352, GPU[2].SA[1].CU[1], cu_CPI, +Inf
353, GPU[2].SA[1].CU[1], cu_IPC, 0.000000000000
354, GPU[2].SA[1].CU[1], simd_inst_count, 0.000000000000
355, GPU[2].SA[1].CU[1], simd_CPI, +Inf
356, GPU[2].SA[1].CU[2], cu_inst_count, 0.000000000000
357, GPU[2].SA[1].CU[2], cu_CPI, +Inf
358, GPU[2].SA[1].CU[2], cu_IPC, 0.000000000000
359, GPU[2].SA[1].CU[2], simd_inst_count, 0.000000000000
360, GPU[2].SA[1].CU[2], simd_CPI, +Inf
361, GPU[2].SA[1].CU[3], cu_inst_count, 0.000000000000
362, GPU[2].SA[1].CU[3], cu_CPI, +Inf
363, GPU[2].SA[1].CU[3], cu_IPC, 0.000000000000
364, GPU[2].SA[1].CU[3], simd_inst_count, 0.000000000000
365, GPU[2].SA[1].CU[3], simd_CPI, +Inf
366, GPU[2].SA[2].CU[0], cu_inst_count, 0.000000000000
367, GPU[2].SA[2].CU[0], cu_CPI, +Inf
368, GPU[2].SA[2].CU[0], cu_IPC, 0.000000000000
369, GPU[2].SA[2].CU[0], simd_inst_count, 0.000000000000
370, GPU[2].SA[2].CU[0], simd_CPI, +Inf
371, GPU[2].SA[2].CU[1], cu_inst_count, 0.000000000000
372, GPU[2].SA[2].CU[1], cu_CPI, +Inf
373, GPU[2].SA[2].CU[1], cu_IPC, 0.000000000000
374, GPU[2].SA[2].CU[1], simd_inst_count, 0.000000000000
375, GPU[2].SA[2].CU[1], simd_CPI, +Inf
376, GPU[2].SA[2].CU[2], cu_inst_count, 0.000000000000
377, GPU[2].SA[2].CU[2], cu_CPI, +Inf
378, GPU[2].SA[2].CU[2], cu_IPC, 0.000000000000
379, GPU[2].SA[2].CU[2], simd_inst_count, 0.000000000000
380, GPU[2].SA[2].CU[2], simd_CPI, +Inf
381, GPU[2].SA[2].CU[3], cu_inst_count, 0.000000000000
382, GPU[2].SA[2].CU[3], cu_CPI, +Inf
383, GPU[2].SA[2].CU[3], cu_IPC, 0.000000000000
384, GPU[2].SA[2].CU[3], simd_inst_count, 0.000000000000
385, GPU[2].SA[2].CU[3], simd_CPI, +Inf
386, GPU[2].SA[3].CU[0], cu_inst_count, 0.000000000000
387, GPU[2].SA[3].CU[0], cu_CPI, +Inf
388, GPU[2].SA[3].CU[0], cu_IPC, 0.000000000000
389, GPU[2].SA[3].CU[0], simd_inst_count, 0.000000000000
390, GPU[2].SA[3].CU[0], simd_CPI, +Inf
391, GPU[2].SA[3].CU[1], cu_inst_count, 0.000000000000
392, GPU[2].SA[3].CU[1], cu_CPI, +Inf
393, GPU[2].SA[3].CU[1], cu_IPC, 0.000000000000
394, GPU[2].SA[3].CU[1], simd_inst_count, 0.000000000000
395, GPU[2].SA[3].CU[1], simd_CPI, +Inf
396, GPU[2].SA[3].CU[2], cu_inst_count, 0.000000000000
397, GPU[2].SA[3].CU[2], cu_CPI, +Inf
398, GPU[2].SA[3].CU[2], cu_IPC, 0.000000000000
399, GPU[2].SA[3].CU[2], simd_inst_count, 0.000000000000
400, GPU[2].SA[3].CU[2], simd_CPI, +Inf
401, GPU[2].SA[3].CU[3], cu_inst_count, 0.000000000000
402, GPU[2].SA[3].CU[3], cu_CPI, +Inf
403, GPU[2].SA[3].CU[3], cu_IPC, 0.000000000000
404, GPU[2].SA[3].CU[3], simd_inst_count, 0.000000000000
405, GPU[2].SA[3].CU[3], simd_CPI, +Inf
406, GPU[2].SA[4].CU[0], cu_inst_count, 0.000000000000
407, GPU[2].SA[4].CU[0], cu_CPI, +Inf
408, GPU[2].SA[4].CU[0], cu_IPC, 0.000000000000
409, GPU[2].SA[4].CU[0], simd_inst_count, 0.000000000000
410, GPU[2].SA[4].CU[0], simd_CPI, +Inf
411, GPU[2].SA[4].CU[1], cu_inst_count, 0.000000000000
412, GPU[2].SA[4].CU[1], cu_CPI, +Inf
413, GPU[2].SA[4].CU[1], cu_IPC, 0.000000000000
414, GPU[2].SA[4].CU[1], simd_inst_count, 0.000000000000
415, GPU[2].SA[4].CU[1], simd_CPI, +Inf
416, GPU[2].SA[4].CU[2], cu_inst_count, 0.000000000000
417, GPU[2].SA[4].CU[2], cu_CPI, +Inf
418, GPU[2].SA[4].CU[2], cu_IPC, 0.000000000000
419, GPU[2].SA[4].CU[2], simd_inst_count, 0.000000000000
420, GPU[2].SA[4].CU[2], simd_CPI, +Inf
421, GPU[2].SA[4].CU[3], cu_inst_count, 0.000000000000
422, GPU[2].SA[4].CU[3], cu_CPI, +Inf
423, GPU[2].SA[4].CU[3], cu_IPC, 0.000000000000
424, GPU[2].SA[4].CU[3], simd_inst_count, 0.000000000000
425, GPU[2].SA[4].CU[3], simd_CPI, +Inf
426, GPU[2].SA[5].CU[0], cu_inst_count, 0.000000000000
427, GPU[2].SA[5].CU[0], cu_CPI, +Inf
428, GPU[2].SA[5].CU[0], cu_IPC, 0.000000000000
429, GPU[2].SA[5].CU[0], simd_inst_count, 0.000000000000
430, GPU[2].SA[5].CU[0], simd_CPI, +Inf
431, GPU[2].SA[5].CU[1], cu_inst_count, 0.000000000000
432, GPU[2].SA[5].CU[1], cu_CPI, +Inf
433, GPU[2].SA[5].CU[1], cu_IPC, 0.000000000000
434, GPU[2].SA[5].CU[1], simd_inst_count, 0.000000000000
435, GPU[2].SA[5].CU[1], simd_CPI, +Inf
436, GPU[2].SA[5].CU[2], cu_inst_count, 0.000000000000
437, GPU[2].SA[5].CU[2], cu_CPI, +Inf
438, GPU[2].SA[5].CU[2], cu_IPC, 0.000000000000
439, GPU[2].SA[5].CU[2], simd_inst_count, 0.000000000000
440, GPU[2].SA[5].CU[2], simd_CPI, +Inf
441, GPU[2].SA[5].CU[3], cu_inst_count, 0.000000000000
442, GPU[2].SA[5].CU[3], cu_CPI, +Inf
443, GPU[2].SA[5].CU[3], cu_IPC, 0.000000000000
444, GPU[2].SA[5].CU[3], simd_inst_count, 0.000000000000
445, GPU[2].SA[5].CU[3], simd_CPI, +Inf
446, GPU[2].SA[6].CU[0], cu_inst_count, 0.000000000000
447, GPU[2].SA[6].CU[0], cu_CPI, +Inf
448, GPU[2].SA[6].CU[0], cu_IPC, 0.000000000000
449, GPU[2].SA[6].CU[0], simd_inst_count, 0.000000000000
450, GPU[2].SA[6].CU[0], simd_CPI, +Inf
451, GPU[2].SA[6].CU[1], cu_inst_count, 0.000000000000
452, GPU[2].SA[6].CU[1], cu_CPI, +Inf
453, GPU[2].SA[6].CU[1], cu_IPC, 0.000000000000
454, GPU[2].SA[6].CU[1], simd_inst_count, 0.000000000000
455, GPU[2].SA[6].CU[1], simd_CPI, +Inf
456, GPU[2].SA[6].CU[2], cu_inst_count, 0.000000000000
457, GPU[2].SA[6].CU[2], cu_CPI, +Inf
458, GPU[2].SA[6].CU[2], cu_IPC, 0.000000000000
459, GPU[2].SA[6].CU[2], simd_inst_count, 0.000000000000
460, GPU[2].SA[6].CU[2], simd_CPI, +Inf
461, GPU[2].SA[6].CU[3], cu_inst_count, 0.000000000000
462, GPU[2].SA[6].CU[3], cu_CPI, +Inf
463, GPU[2].SA[6].CU[3], cu_IPC, 0.000000000000
464, GPU[2].SA[6].CU[3], simd_inst_count, 0.000000000000
465, GPU[2].SA[6].CU[3], simd_CPI, +Inf
466, GPU[2].SA[7].CU[0], cu_inst_count, 0.000000000000
467, GPU[2].SA[7].CU[0], cu_CPI, +Inf
468, GPU[2].SA[7].CU[0], cu_IPC, 0.000000000000
469, GPU[2].SA[7].CU[0], simd_inst_count, 0.000000000000
470, GPU[2].SA[7].CU[0], simd_CPI, +Inf
471, GPU[2].SA[7].CU[1], cu_inst_count, 0.000000000000
472, GPU[2].SA[7].CU[1], cu_CPI, +Inf
473, GPU[2].SA[7].CU[1], cu_IPC, 0.000000000000
474, GPU[2].SA[7].CU[1], simd_inst_count, 0.000000000000
475, GPU[2].SA[7].CU[1], simd_CPI, +Inf
476, GPU[2].SA[7].CU[2], cu_inst_count, 0.000000000000
477, GPU[2].SA[7].CU[2], cu_CPI, +Inf
478, GPU[2].SA[7].CU[2], cu_IPC, 0.000000000000
479, GPU[2].SA[7].CU[2], simd_inst_count, 0.000000000000
480, GPU[2].SA[7].CU[2], simd_CPI, +Inf
481, GPU[2].SA[7].CU[3], cu_inst_count, 0.000000000000
482, GPU[2].SA[7].CU[3], cu_CPI, +Inf
483, GPU[2].SA[7].CU[3], cu_IPC, 0.000000000000
484, GPU[2].SA[7].CU[3], simd_inst_count, 0.000000000000
485, GPU[2].SA[7].CU[3], simd_CPI, +Inf
486, GPU[2].SA[8].CU[0], cu_inst_count, 0.000000000000
487, GPU[2].SA[8].CU[0], cu_CPI, +Inf
488, GPU[2].SA[8].CU[0], cu_IPC, 0.000000000000
489, GPU[2].SA[8].CU[0], simd_inst_count, 0.000000000000
490, GPU[2].SA[8].CU[0], simd_CPI, +Inf
491, GPU[2].SA[8].CU[1], cu_inst_count, 0.000000000000
492, GPU[2].SA[8].CU[1], cu_CPI, +Inf
493, GPU[2].SA[8].CU[1], cu_IPC, 0.000000000000
494, GPU[2].SA[8].CU[1], simd_inst_count, 0.000000000000
495, GPU[2].SA[8].CU[1], simd_CPI, +Inf
496, GPU[2].SA[8].CU[2], cu_inst_count, 0.000000000000
497, GPU[2].SA[8].CU[2], cu_CPI, +Inf
498, GPU[2].SA[8].CU[2], cu_IPC, 0.000000000000
499, GPU[2].SA[8].CU[2], simd_inst_count, 0.000000000000
500, GPU[2].SA[8].CU[2], simd_CPI, +Inf
501, GPU[2].SA[8].CU[3], cu_inst_count, 0.000000000000
502, GPU[2].SA[8].CU[3], cu_CPI, +Inf
503, GPU[2].SA[8].CU[3], cu_IPC, 0.000000000000
504, GPU[2].SA[8].CU[3], simd_inst_count, 0.000000000000
505, GPU[2].SA[8].CU[3], simd_CPI, +Inf
506, GPU[2].SA[9].CU[0], cu_inst_count, 0.000000000000
507, GPU[2].SA[9].CU[0], cu_CPI, +Inf
508, GPU[2].SA[9].CU[0], cu_IPC, 0.000000000000
509, GPU[2].SA[9].CU[0], simd_inst_count, 0.000000000000
510, GPU[2].SA[9].CU[0], simd_CPI, +Inf
511, GPU[2].SA[9].CU[1], cu_inst_count, 0.000000000000
512, GPU[2].SA[9].CU[1], cu_CPI, +Inf
513, GPU[2].SA[9].CU[1], cu_IPC, 0.000000000000
514, GPU[2].SA[9].CU[1], simd_inst_count, 0.000000000000
515, GPU[2].SA[9].CU[1], simd_CPI, +Inf
516, GPU[2].SA[9].CU[2], cu_inst_count, 0.000000000000
517, GPU[2].SA[9].CU[2], cu_CPI, +Inf
518, GPU[2].SA[9].CU[2], cu_IPC, 0.000000000000
519, GPU[2].SA[9].CU[2], simd_inst_count, 0.000000000000
520, GPU[2].SA[9].CU[2], simd_CPI, +Inf
521, GPU[2].SA[9].CU[3], cu_inst_count, 0.000000000000
522, GPU[2].SA[9].CU[3], cu_CPI, +Inf
523, GPU[2].SA[9].CU[3], cu_IPC, 0.000000000000
524, GPU[2].SA[9].CU[3], simd_inst_count, 0.000000000000
525, GPU[2].SA[9].CU[3], simd_CPI, +Inf
526, GPU[2].SA[10].CU[0], cu_inst_count, 0.000000000000
527, GPU[2].SA[10].CU[0], cu_CPI, +Inf
528, GPU[2].SA[10].CU[0], cu_IPC, 0.000000000000
529, GPU[2].SA[10].CU[0], simd_inst_count, 0.000000000000
530, GPU[2].SA[10].CU[0], simd_CPI, +Inf
531, GPU[2].SA[10].CU[1], cu_inst_count, 0.000000000000
532, GPU[2].SA[10].CU[1], cu_CPI, +Inf
533, GPU[2].SA[10].CU[1], cu_IPC, 0.000000000000
534, GPU[2].SA[10].CU[1], simd_inst_count, 0.000000000000
535, GPU[2].SA[10].CU[1], simd_CPI, +Inf
536, GPU[2].SA[10].CU[2], cu_inst_count, 0.000000000000
537, GPU[2].SA[10].CU[2], cu_CPI, +Inf
538, GPU[2].SA[10].CU[2], cu_IPC, 0.000000000000
539, GPU[2].SA[10].CU[2], simd_inst_count, 0.000000000000
540, GPU[2].SA[10].CU[2], simd_CPI, +Inf
541, GPU[2].SA[10].CU[3], cu_inst_count, 0.000000000000
542, GPU[2].SA[10].CU[3], cu_CPI, +Inf
543, GPU[2].SA[10].CU[3], cu_IPC, 0.000000000000
544, GPU[2].SA[10].CU[3], simd_inst_count, 0.000000000000
545, GPU[2].SA[10].CU[3], simd_CPI, +Inf
546, GPU[2].SA[11].CU[0], cu_inst_count, 0.000000000000
547, GPU[2].SA[11].CU[0], cu_CPI, +Inf
548, GPU[2].SA[11].CU[0], cu_IPC, 0.000000000000
549, GPU[2].SA[11].CU[0], simd_inst_count, 0.000000000000
550, GPU[2].SA[11].CU[0], simd_CPI, +Inf
551, GPU[2].SA[11].CU[1], cu_inst_count, 0.000000000000
552, GPU[2].SA[11].CU[1], cu_CPI, +Inf
553, GPU[2].SA[11].CU[1], cu_IPC, 0.000000000000
554, GPU[2].SA[11].CU[1], simd_inst_count, 0.000000000000
555, GPU[2].SA[11].CU[1], simd_CPI, +Inf
556, GPU[2].SA[11].CU[2], cu_inst_count, 0.000000000000
557, GPU[2].SA[11].CU[2], cu_CPI, +Inf
558, GPU[2].SA[11].CU[2], cu_IPC, 0.000000000000
559, GPU[2].SA[11].CU[2], simd_inst_count, 0.000000000000
560, GPU[2].SA[11].CU[2], simd_CPI, +Inf
561, GPU[2].SA[11].CU[3], cu_inst_count, 0.000000000000
562, GPU[2].SA[11].CU[3], cu_CPI, +Inf
563, GPU[2].SA[11].CU[3], cu_IPC, 0.000000000000
564, GPU[2].SA[11].CU[3], simd_inst_count, 0.000000000000
565, GPU[2].SA[11].CU[3], simd_CPI, +Inf
566, GPU[2].SA[12].CU[0], cu_inst_count, 0.000000000000
567, GPU[2].SA[12].CU[0], cu_CPI, +Inf
568, GPU[2].SA[12].CU[0], cu_IPC, 0.000000000000
569, GPU[2].SA[12].CU[0], simd_inst_count, 0.000000000000
570, GPU[2].SA[12].CU[0], simd_CPI, +Inf
571, GPU[2].SA[12].CU[1], cu_inst_count, 0.000000000000
572, GPU[2].SA[12].CU[1], cu_CPI, +Inf
573, GPU[2].SA[12].CU[1], cu_IPC, 0.000000000000
574, GPU[2].SA[12].CU[1], simd_inst_count, 0.000000000000
575, GPU[2].SA[12].CU[1], simd_CPI, +Inf
576, GPU[2].SA[12].CU[2], cu_inst_count, 0.000000000000
577, GPU[2].SA[12].CU[2], cu_CPI, +Inf
578, GPU[2].SA[12].CU[2], cu_IPC, 0.000000000000
579, GPU[2].SA[12].CU[2], simd_inst_count, 0.000000000000
580, GPU[2].SA[12].CU[2], simd_CPI, +Inf
581, GPU[2].SA[12].CU[3], cu_inst_count, 0.000000000000
582, GPU[2].SA[12].CU[3], cu_CPI, +Inf
583, GPU[2].SA[12].CU[3], cu_IPC, 0.000000000000
584, GPU[2].SA[12].CU[3], simd_inst_count, 0.000000000000
585, GPU[2].SA[12].CU[3], simd_CPI, +Inf
586, GPU[2].SA[13].CU[0], cu_inst_count, 0.000000000000
587, GPU[2].SA[13].CU[0], cu_CPI, +Inf
588, GPU[2].SA[13].CU[0], cu_IPC, 0.000000000000
589, GPU[2].SA[13].CU[0], simd_inst_count, 0.000000000000
590, GPU[2].SA[13].CU[0], simd_CPI, +Inf
591, GPU[2].SA[13].CU[1], cu_inst_count, 0.000000000000
592, GPU[2].SA[13].CU[1], cu_CPI, +Inf
593, GPU[2].SA[13].CU[1], cu_IPC, 0.000000000000
594, GPU[2].SA[13].CU[1], simd_inst_count, 0.000000000000
595, GPU[2].SA[13].CU[1], simd_CPI, +Inf
596, GPU[2].SA[13].CU[2], cu_inst_count, 0.000000000000
597, GPU[2].SA[13].CU[2], cu_CPI, +Inf
598, GPU[2].SA[13].CU[2], cu_IPC, 0.000000000000
599, GPU[2].SA[13].CU[2], simd_inst_count, 0.000000000000
600, GPU[2].SA[13].CU[2], simd_CPI, +Inf
601, GPU[2].SA[13].CU[3], cu_inst_count, 0.000000000000
602, GPU[2].SA[13].CU[3], cu_CPI, +Inf
603, GPU[2].SA[13].CU[3], cu_IPC, 0.000000000000
604, GPU[2].SA[13].CU[3], simd_inst_count, 0.000000000000
605, GPU[2].SA[13].CU[3], simd_CPI, +Inf
606, GPU[2].SA[14].CU[0], cu_inst_count, 0.000000000000
607, GPU[2].SA[14].CU[0], cu_CPI, +Inf
608, GPU[2].SA[14].CU[0], cu_IPC, 0.000000000000
609, GPU[2].SA[14].CU[0], simd_inst_count, 0.000000000000
610, GPU[2].SA[14].CU[0], simd_CPI, +Inf
611, GPU[2].SA[14].CU[1], cu_inst_count, 0.000000000000
612, GPU[2].SA[14].CU[1], cu_CPI, +Inf
613, GPU[2].SA[14].CU[1], cu_IPC, 0.000000000000
614, GPU[2].SA[14].CU[1], simd_inst_count, 0.000000000000
615, GPU[2].SA[14].CU[1], simd_CPI, +Inf
616, GPU[2].SA[14].CU[2], cu_inst_count, 0.000000000000
617, GPU[2].SA[14].CU[2], cu_CPI, +Inf
618, GPU[2].SA[14].CU[2], cu_IPC, 0.000000000000
619, GPU[2].SA[14].CU[2], simd_inst_count, 0.000000000000
620, GPU[2].SA[14].CU[2], simd_CPI, +Inf
621, GPU[2].SA[14].CU[3], cu_inst_count, 0.000000000000
622, GPU[2].SA[14].CU[3], cu_CPI, +Inf
623, GPU[2].SA[14].CU[3], cu_IPC, 0.000000000000
624, GPU[2].SA[14].CU[3], simd_inst_count, 0.000000000000
625, GPU[2].SA[14].CU[3], simd_CPI, +Inf
626, GPU[2].SA[15].CU[0], cu_inst_count, 0.000000000000
627, GPU[2].SA[15].CU[0], cu_CPI, +Inf
628, GPU[2].SA[15].CU[0], cu_IPC, 0.000000000000
629, GPU[2].SA[15].CU[0], simd_inst_count, 0.000000000000
630, GPU[2].SA[15].CU[0], simd_CPI, +Inf
631, GPU[2].SA[15].CU[1], cu_inst_count, 0.000000000000
632, GPU[2].SA[15].CU[1], cu_CPI, +Inf
633, GPU[2].SA[15].CU[1], cu_IPC, 0.000000000000
634, GPU[2].SA[15].CU[1], simd_inst_count, 0.000000000000
635, GPU[2].SA[15].CU[1], simd_CPI, +Inf
636, GPU[2].SA[15].CU[2], cu_inst_count, 0.000000000000
637, GPU[2].SA[15].CU[2], cu_CPI, +Inf
638, GPU[2].SA[15].CU[2], cu_IPC, 0.000000000000
639, GPU[2].SA[15].CU[2], simd_inst_count, 0.000000000000
640, GPU[2].SA[15].CU[2], simd_CPI, +Inf
641, GPU[2].SA[15].CU[3], cu_inst_count, 0.000000000000
642, GPU[2].SA[15].CU[3], cu_CPI, +Inf
643, GPU[2].SA[15].CU[3], cu_IPC, 0.000000000000
644, GPU[2].SA[15].CU[3], simd_inst_count, 0.000000000000
645, GPU[2].SA[15].CU[3], simd_CPI, +Inf
646, GPU[3].SA[0].CU[0], cu_inst_count, 2340.000000000000
647, GPU[3].SA[0].CU[0], cu_CPI, 14.855555555556
648, GPU[3].SA[0].CU[0], cu_IPC, 0.067314884069
649, GPU[3].SA[0].CU[0], simd_inst_count, 1967.000000000000
650, GPU[3].SA[0].CU[0], simd_CPI, 17.672597864769
651, GPU[3].SA[0].CU[1], cu_inst_count, 2340.000000000000
652, GPU[3].SA[0].CU[1], cu_CPI, 14.855555555556
653, GPU[3].SA[0].CU[1], cu_IPC, 0.067314884069
654, GPU[3].SA[0].CU[1], simd_inst_count, 1967.000000000000
655, GPU[3].SA[0].CU[1], simd_CPI, 17.672597864769
656, GPU[3].SA[0].CU[2], cu_inst_count, 0.000000000000
657, GPU[3].SA[0].CU[2], cu_CPI, +Inf
658, GPU[3].SA[0].CU[2], cu_IPC, 0.000000000000
659, GPU[3].SA[0].CU[2], simd_inst_count, 0.000000000000
660, GPU[3].SA[0].CU[2], simd_CPI, +Inf
661, GPU[3].SA[0].CU[3], cu_inst_count, 0.000000000000
662, GPU[3].SA[0].CU[3], cu_CPI, +Inf
663, GPU[3].SA[0].CU[3], cu_IPC, 0.000000000000
664, GPU[3].SA[0].CU[3], simd_inst_count, 0.000000000000
665, GPU[3].SA[0].CU[3], simd_CPI, +Inf
666, GPU[3].SA[1].CU[0], cu_inst_count, 0.000000000000
667, GPU[3].SA[1].CU[0], cu_CPI, +Inf
668, GPU[3].SA[1].CU[0], cu_IPC, 0.000000000000
669, GPU[3].SA[1].CU[0], simd_inst_count, 0.000000000000
670, GPU[3].SA[1].CU[0], simd_CPI, +Inf
671, GPU[3].SA[1].CU[1], cu_inst_count, 0.000000000000
672, GPU[3].SA[1].CU[1], cu_CPI, +Inf
673, GPU[3].SA[1].CU[1], cu_IPC, 0.000000000000
674, GPU[3].SA[1].CU[1], simd_inst_count, 0.000000000000
675, GPU[3].SA[1].CU[1], simd_CPI, +Inf
676, GPU[3].SA[1].CU[2], cu_inst_count, 0.000000000000
677, GPU[3].SA[1].CU[2], cu_CPI, +Inf
678, GPU[3].SA[1].CU[2], cu_IPC, 0.000000000000
679, GPU[3].SA[1].CU[2], simd_inst_count, 0.000000000000
680, GPU[3].SA[1].CU[2], simd_CPI, +Inf
681, GPU[3].SA[1].CU[3], cu_inst_count, 0.000000000000
682, GPU[3].SA[1].CU[3], cu_CPI, +Inf
683, GPU[3].SA[1].CU[3], cu_IPC, 0.000000000000
684, GPU[3].SA[1].CU[3], simd_inst_count, 0.000000000000
685, GPU[3].SA[1].CU[3], simd_CPI, +Inf
686, GPU[3].SA[2].CU[0], cu_inst_count, 0.000000000000
687, GPU[3].SA[2].CU[0], cu_CPI, +Inf
688, GPU[3].SA[2].CU[0], cu_IPC, 0.000000000000
689, GPU[3].SA[2].CU[0], simd_inst_count, 0.000000000000
690, GPU[3].SA[2].CU[0], simd_CPI, +Inf
691, GPU[3].SA[2].CU[1], cu_inst_count, 0.000000000000
692, GPU[3].SA[2].CU[1], cu_CPI, +Inf
693, GPU[3].SA[2].CU[1], cu_IPC, 0.000000000000
694, GPU[3].SA[2].CU[1], simd_inst_count, 0.000000000000
695, GPU[3].SA[2].CU[1], simd_CPI, +Inf
696, GPU[3].SA[2].CU[2], cu_inst_count, 0.000000000000
697, GPU[3].SA[2].CU[2], cu_CPI, +Inf
698, GPU[3].SA[2].CU[2], cu_IPC, 0.000000000000
699, GPU[3].SA[2].CU[2], simd_inst_count, 0.000000000000
700, GPU[3].SA[2].CU[2], simd_CPI, +Inf
701, GPU[3].SA[2].CU[3], cu_inst_count, 0.000000000000
702, GPU[3].SA[2].CU[3], cu_CPI, +Inf
703, GPU[3].SA[2].CU[3], cu_IPC, 0.000000000000
704, GPU[3].SA[2].CU[3], simd_inst_count, 0.000000000000
705, GPU[3].SA[2].CU[3], simd_CPI, +Inf
706, GPU[3].SA[3].CU[0], cu_inst_count, 0.000000000000
707, GPU[3].SA[3].CU[0], cu_CPI, +Inf
708, GPU[3].SA[3].CU[0], cu_IPC, 0.000000000000
709, GPU[3].SA[3].CU[0], simd_inst_count, 0.000000000000
710, GPU[3].SA[3].CU[0], simd_CPI, +Inf
711, GPU[3].SA[3].CU[1], cu_inst_count, 0.000000000000
712, GPU[3].SA[3].CU[1], cu_CPI, +Inf
713, GPU[3].SA[3].CU[1], cu_IPC, 0.000000000000
714, GPU[3].SA[3].CU[1], simd_inst_count, 0.000000000000
715, GPU[3].SA[3].CU[1], simd_CPI, +Inf
716, GPU[3].SA[3].CU[2], cu_inst_count, 0.000000000000
717, GPU[3].SA[3].CU[2], cu_CPI, +Inf
718, GPU[3].SA[3].CU[2], cu_IPC, 0.000000000000
719, GPU[3].SA[3].CU[2], simd_inst_count, 0.000000000000
720, GPU[3].SA[3].CU[2], simd_CPI, +Inf
721, GPU[3].SA[3].CU[3], cu_inst_count, 0.000000000000
722, GPU[3].SA[3].CU[3], cu_CPI, +Inf
723, GPU[3].SA[3].CU[3], cu_IPC, 0.000000000000
724, GPU[3].SA[3].CU[3], simd_inst_count, 0.000000000000
725, GPU[3].SA[3].CU[3], simd_CPI, +Inf
726, GPU[3].SA[4].CU[0], cu_inst_count, 0.000000000000
727, GPU[3].SA[4].CU[0], cu_CPI, +Inf
728, GPU[3].SA[4].CU[0], cu_IPC, 0.000000000000
729, GPU[3].SA[4].CU[0], simd_inst_count, 0.000000000000
730, GPU[3].SA[4].CU[0], simd_CPI, +Inf
731, GPU[3].SA[4].CU[1], cu_inst_count, 0.000000000000
732, GPU[3].SA[4].CU[1], cu_CPI, +Inf
733, GPU[3].SA[4].CU[1], cu_IPC, 0.000000000000
734, GPU[3].SA[4].CU[1], simd_inst_count, 0.000000000000
735, GPU[3].SA[4].CU[1], simd_CPI, +Inf
736, GPU[3].SA[4].CU[2], cu_inst_count, 0.000000000000
737, GPU[3].SA[4].CU[2], cu_CPI, +Inf
738, GPU[3].SA[4].CU[2], cu_IPC, 0.000000000000
739, GPU[3].SA[4].CU[2], simd_inst_count, 0.000000000000
740, GPU[3].SA[4].CU[2], simd_CPI, +Inf
741, GPU[3].SA[4].CU[3], cu_inst_count, 0.000000000000
742, GPU[3].SA[4].CU[3], cu_CPI, +Inf
743, GPU[3].SA[4].CU[3], cu_IPC, 0.000000000000
744, GPU[3].SA[4].CU[3], simd_inst_count, 0.000000000000
745, GPU[3].SA[4].CU[3], simd_CPI, +Inf
746, GPU[3].SA[5].CU[0], cu_inst_count, 0.000000000000
747, GPU[3].SA[5].CU[0], cu_CPI, +Inf
748, GPU[3].SA[5].CU[0], cu_IPC, 0.000000000000
749, GPU[3].SA[5].CU[0], simd_inst_count, 0.000000000000
750, GPU[3].SA[5].CU[0], simd_CPI, +Inf
751, GPU[3].SA[5].CU[1], cu_inst_count, 0.000000000000
752, GPU[3].SA[5].CU[1], cu_CPI, +Inf
753, GPU[3].SA[5].CU[1], cu_IPC, 0.000000000000
754, GPU[3].SA[5].CU[1], simd_inst_count, 0.000000000000
755, GPU[3].SA[5].CU[1], simd_CPI, +Inf
756, GPU[3].SA[5].CU[2], cu_inst_count, 0.000000000000
757, GPU[3].SA[5].CU[2], cu_CPI, +Inf
758, GPU[3].SA[5].CU[2], cu_IPC, 0.000000000000
759, GPU[3].SA[5].CU[2], simd_inst_count, 0.000000000000
760, GPU[3].SA[5].CU[2], simd_CPI, +Inf
761, GPU[3].SA[5].CU[3], cu_inst_count, 0.000000000000
762, GPU[3].SA[5].CU[3], cu_CPI, +Inf
763, GPU[3].SA[5].CU[3], cu_IPC, 0.000000000000
764, GPU[3].SA[5].CU[3], simd_inst_count, 0.000000000000
765, GPU[3].SA[5].CU[3], simd_CPI, +Inf
766, GPU[3].SA[6].CU[0], cu_inst_count, 0.000000000000
767, GPU[3].SA[6].CU[0], cu_CPI, +Inf
768, GPU[3].SA[6].CU[0], cu_IPC, 0.000000000000
769, GPU[3].SA[6].CU[0], simd_inst_count, 0.000000000000
770, GPU[3].SA[6].CU[0], simd_CPI, +Inf
771, GPU[3].SA[6].CU[1], cu_inst_count, 0.000000000000
772, GPU[3].SA[6].CU[1], cu_CPI, +Inf
773, GPU[3].SA[6].CU[1], cu_IPC, 0.000000000000
774, GPU[3].SA[6].CU[1], simd_inst_count, 0.000000000000
775, GPU[3].SA[6].CU[1], simd_CPI, +Inf
776, GPU[3].SA[6].CU[2], cu_inst_count, 0.000000000000
777, GPU[3].SA[6].CU[2], cu_CPI, +Inf
778, GPU[3].SA[6].CU[2], cu_IPC, 0.000000000000
779, GPU[3].SA[6].CU[2], simd_inst_count, 0.000000000000
780, GPU[3].SA[6].CU[2], simd_CPI, +Inf
781, GPU[3].SA[6].CU[3], cu_inst_count, 0.000000000000
782, GPU[3].SA[6].CU[3], cu_CPI, +Inf
783, GPU[3].SA[6].CU[3], cu_IPC, 0.000000000000
784, GPU[3].SA[6].CU[3], simd_inst_count, 0.000000000000
785, GPU[3].SA[6].CU[3], simd_CPI, +Inf
786, GPU[3].SA[7].CU[0], cu_inst_count, 0.000000000000
787, GPU[3].SA[7].CU[0], cu_CPI, +Inf
788, GPU[3].SA[7].CU[0], cu_IPC, 0.000000000000
789, GPU[3].SA[7].CU[0], simd_inst_count, 0.000000000000
790, GPU[3].SA[7].CU[0], simd_CPI, +Inf
791, GPU[3].SA[7].CU[1], cu_inst_count, 0.000000000000
792, GPU[3].SA[7].CU[1], cu_CPI, +Inf
793, GPU[3].SA[7].CU[1], cu_IPC, 0.000000000000
794, GPU[3].SA[7].CU[1], simd_inst_count, 0.000000000000
795, GPU[3].SA[7].CU[1], simd_CPI, +Inf
796, GPU[3].SA[7].CU[2], cu_inst_count, 0.000000000000
797, GPU[3].SA[7].CU[2], cu_CPI, +Inf
798, GPU[3].SA[7].CU[2], cu_IPC, 0.000000000000
799, GPU[3].SA[7].CU[2], simd_inst_count, 0.000000000000
800, GPU[3].SA[7].CU[2], simd_CPI, +Inf
801, GPU[3].SA[7].CU[3], cu_inst_count, 0.000000000000
802, GPU[3].SA[7].CU[3], cu_CPI, +Inf
803, GPU[3].SA[7].CU[3], cu_IPC, 0.000000000000
804, GPU[3].SA[7].CU[3], simd_inst_count, 0.000000000000
805, GPU[3].SA[7].CU[3], simd_CPI, +Inf
806, GPU[3].SA[8].CU[0], cu_inst_count, 0.000000000000
807, GPU[3].SA[8].CU[0], cu_CPI, +Inf
808, GPU[3].SA[8].CU[0], cu_IPC, 0.000000000000
809, GPU[3].SA[8].CU[0], simd_inst_count, 0.000000000000
810, GPU[3].SA[8].CU[0], simd_CPI, +Inf
811, GPU[3].SA[8].CU[1], cu_inst_count, 0.000000000000
812, GPU[3].SA[8].CU[1], cu_CPI, +Inf
813, GPU[3].SA[8].CU[1], cu_IPC, 0.000000000000
814, GPU[3].SA[8].CU[1], simd_inst_count, 0.000000000000
815, GPU[3].SA[8].CU[1], simd_CPI, +Inf
816, GPU[3].SA[8].CU[2], cu_inst_count, 0.000000000000
817, GPU[3].SA[8].CU[2], cu_CPI, +Inf
818, GPU[3].SA[8].CU[2], cu_IPC, 0.000000000000
819, GPU[3].SA[8].CU[2], simd_inst_count, 0.000000000000
820, GPU[3].SA[8].CU[2], simd_CPI, +Inf
821, GPU[3].SA[8].CU[3], cu_inst_count, 0.000000000000
822, GPU[3].SA[8].CU[3], cu_CPI, +Inf
823, GPU[3].SA[8].CU[3], cu_IPC, 0.000000000000
824, GPU[3].SA[8].CU[3], simd_inst_count, 0.000000000000
825, GPU[3].SA[8].CU[3], simd_CPI, +Inf
826, GPU[3].SA[9].CU[0], cu_inst_count, 0.000000000000
827, GPU[3].SA[9].CU[0], cu_CPI, +Inf
828, GPU[3].SA[9].CU[0], cu_IPC, 0.000000000000
829, GPU[3].SA[9].CU[0], simd_inst_count, 0.000000000000
830, GPU[3].SA[9].CU[0], simd_CPI, +Inf
831, GPU[3].SA[9].CU[1], cu_inst_count, 0.000000000000
832, GPU[3].SA[9].CU[1], cu_CPI, +Inf
833, GPU[3].SA[9].CU[1], cu_IPC, 0.000000000000
834, GPU[3].SA[9].CU[1], simd_inst_count, 0.000000000000
835, GPU[3].SA[9].CU[1], simd_CPI, +Inf
836, GPU[3].SA[9].CU[2], cu_inst_count, 0.000000000000
837, GPU[3].SA[9].CU[2], cu_CPI, +Inf
838, GPU[3].SA[9].CU[2], cu_IPC, 0.000000000000
839, GPU[3].SA[9].CU[2], simd_inst_count, 0.000000000000
840, GPU[3].SA[9].CU[2], simd_CPI, +Inf
841, GPU[3].SA[9].CU[3], cu_inst_count, 0.000000000000
842, GPU[3].SA[9].CU[3], cu_CPI, +Inf
843, GPU[3].SA[9].CU[3], cu_IPC, 0.000000000000
844, GPU[3].SA[9].CU[3], simd_inst_count, 0.000000000000
845, GPU[3].SA[9].CU[3], simd_CPI, +Inf
846, GPU[3].SA[10].CU[0], cu_inst_count, 0.000000000000
847, GPU[3].SA[10].CU[0], cu_CPI, +Inf
848, GPU[3].SA[10].CU[0], cu_IPC, 0.000000000000
849, GPU[3].SA[10].CU[0], simd_inst_count, 0.000000000000
850, GPU[3].SA[10].CU[0], simd_CPI, +Inf
851, GPU[3].SA[10].CU[1], cu_inst_count, 0.000000000000
852, GPU[3].SA[10].CU[1], cu_CPI, +Inf
853, GPU[3].SA[10].CU[1], cu_IPC, 0.000000000000
854, GPU[3].SA[10].CU[1], simd_inst_count, 0.000000000000
855, GPU[3].SA[10].CU[1], simd_CPI, +Inf
856, GPU[3].SA[10].CU[2], cu_inst_count, 0.000000000000
857, GPU[3].SA[10].CU[2], cu_CPI, +Inf
858, GPU[3].SA[10].CU[2], cu_IPC, 0.000000000000
859, GPU[3].SA[10].CU[2], simd_inst_count, 0.000000000000
860, GPU[3].SA[10].CU[2], simd_CPI, +Inf
861, GPU[3].SA[10].CU[3], cu_inst_count, 0.000000000000
862, GPU[3].SA[10].CU[3], cu_CPI, +Inf
863, GPU[3].SA[10].CU[3], cu_IPC, 0.000000000000
864, GPU[3].SA[10].CU[3], simd_inst_count, 0.000000000000
865, GPU[3].SA[10].CU[3], simd_CPI, +Inf
866, GPU[3].SA[11].CU[0], cu_inst_count, 0.000000000000
867, GPU[3].SA[11].CU[0], cu_CPI, +Inf
868, GPU[3].SA[11].CU[0], cu_IPC, 0.000000000000
869, GPU[3].SA[11].CU[0], simd_inst_count, 0.000000000000
870, GPU[3].SA[11].CU[0], simd_CPI, +Inf
871, GPU[3].SA[11].CU[1], cu_inst_count, 0.000000000000
872, GPU[3].SA[11].CU[1], cu_CPI, +Inf
873, GPU[3].SA[11].CU[1], cu_IPC, 0.000000000000
874, GPU[3].SA[11].CU[1], simd_inst_count, 0.000000000000
875, GPU[3].SA[11].CU[1], simd_CPI, +Inf
876, GPU[3].SA[11].CU[2], cu_inst_count, 0.000000000000
877, GPU[3].SA[11].CU[2], cu_CPI, +Inf
878, GPU[3].SA[11].CU[2], cu_IPC, 0.000000000000
879, GPU[3].SA[11].CU[2], simd_inst_count, 0.000000000000
880, GPU[3].SA[11].CU[2], simd_CPI, +Inf
881, GPU[3].SA[11].CU[3], cu_inst_count, 0.000000000000
882, GPU[3].SA[11].CU[3], cu_CPI, +Inf
883, GPU[3].SA[11].CU[3], cu_IPC, 0.000000000000
884, GPU[3].SA[11].CU[3], simd_inst_count, 0.000000000000
885, GPU[3].SA[11].CU[3], simd_CPI, +Inf
886, GPU[3].SA[12].CU[0], cu_inst_count, 0.000000000000
887, GPU[3].SA[12].CU[0], cu_CPI, +Inf
888, GPU[3].SA[12].CU[0], cu_IPC, 0.000000000000
889, GPU[3].SA[12].CU[0], simd_inst_count, 0.000000000000
890, GPU[3].SA[12].CU[0], simd_CPI, +Inf
891, GPU[3].SA[12].CU[1], cu_inst_count, 0.000000000000
892, GPU[3].SA[12].CU[1], cu_CPI, +Inf
893, GPU[3].SA[12].CU[1], cu_IPC, 0.000000000000
894, GPU[3].SA[12].CU[1], simd_inst_count, 0.000000000000
895, GPU[3].SA[12].CU[1], simd_CPI, +Inf
896, GPU[3].SA[12].CU[2], cu_inst_count, 0.000000000000
897, GPU[3].SA[12].CU[2], cu_CPI, +Inf
898, GPU[3].SA[12].CU[2], cu_IPC, 0.000000000000
899, GPU[3].SA[12].CU[2], simd_inst_count, 0.000000000000
900, GPU[3].SA[12].CU[2], simd_CPI, +Inf
901, GPU[3].SA[12].CU[3], cu_inst_count, 0.000000000000
902, GPU[3].SA[12].CU[3], cu_CPI, +Inf
903, GPU[3].SA[12].CU[3], cu_IPC, 0.000000000000
904, GPU[3].SA[12].CU[3], simd_inst_count, 0.000000000000
905, GPU[3].SA[12].CU[3], simd_CPI, +Inf
906, GPU[3].SA[13].CU[0], cu_inst_count, 0.000000000000
907, GPU[3].SA[13].CU[0], cu_CPI, +Inf
908, GPU[3].SA[13].CU[0], cu_IPC, 0.000000000000
909, GPU[3].SA[13].CU[0], simd_inst_count, 0.000000000000
910, GPU[3].SA[13].CU[0], simd_CPI, +Inf
911, GPU[3].SA[13].CU[1], cu_inst_count, 0.000000000000
912, GPU[3].SA[13].CU[1], cu_CPI, +Inf
913, GPU[3].SA[13].CU[1], cu_IPC, 0.000000000000
914, GPU[3].SA[13].CU[1], simd_inst_count, 0.000000000000
915, GPU[3].SA[13].CU[1], simd_CPI, +Inf
916, GPU[3].SA[13].CU[2], cu_inst_count, 0.000000000000
917, GPU[3].SA[13].CU[2], cu_CPI, +Inf
918, GPU[3].SA[13].CU[2], cu_IPC, 0.000000000000
919, GPU[3].SA[13].CU[2], simd_inst_count, 0.000000000000
920, GPU[3].SA[13].CU[2], simd_CPI, +Inf
921, GPU[3].SA[13].CU[3], cu_inst_count, 0.000000000000
922, GPU[3].SA[13].CU[3], cu_CPI, +Inf
923, GPU[3].SA[13].CU[3], cu_IPC, 0.000000000000
924, GPU[3].SA[13].CU[3], simd_inst_count, 0.000000000000
925, GPU[3].SA[13].CU[3], simd_CPI, +Inf
926, GPU[3].SA[14].CU[0], cu_inst_count, 0.000000000000
927, GPU[3].SA[14].CU[0], cu_CPI, +Inf
928, GPU[3].SA[14].CU[0], cu_IPC, 0.000000000000
929, GPU[3].SA[14].CU[0], simd_inst_count, 0.000000000000
930, GPU[3].SA[14].CU[0], simd_CPI, +Inf
931, GPU[3].SA[14].CU[1], cu_inst_count, 0.000000000000
932, GPU[3].SA[14].CU[1], cu_CPI, +Inf
933, GPU[3].SA[14].CU[1], cu_IPC, 0.000000000000
934, GPU[3].SA[14].CU[1], simd_inst_count, 0.000000000000
935, GPU[3].SA[14].CU[1], simd_CPI, +Inf
936, GPU[3].SA[14].CU[2], cu_inst_count, 0.000000000000
937, GPU[3].SA[14].CU[2], cu_CPI, +Inf
938, GPU[3].SA[14].CU[2], cu_IPC, 0.000000000000
939, GPU[3].SA[14].CU[2], simd_inst_count, 0.000000000000
940, GPU[3].SA[14].CU[2], simd_CPI, +Inf
941, GPU[3].SA[14].CU[3], cu_inst_count, 0.000000000000
942, GPU[3].SA[14].CU[3], cu_CPI, +Inf
943, GPU[3].SA[14].CU[3], cu_IPC, 0.000000000000
944, GPU[3].SA[14].CU[3], simd_inst_count, 0.000000000000
945, GPU[3].SA[14].CU[3], simd_CPI, +Inf
946, GPU[3].SA[15].CU[0], cu_inst_count, 0.000000000000
947, GPU[3].SA[15].CU[0], cu_CPI, +Inf
948, GPU[3].SA[15].CU[0], cu_IPC, 0.000000000000
949, GPU[3].SA[15].CU[0], simd_inst_count, 0.000000000000
950, GPU[3].SA[15].CU[0], simd_CPI, +Inf
951, GPU[3].SA[15].CU[1], cu_inst_count, 0.000000000000
952, GPU[3].SA[15].CU[1], cu_CPI, +Inf
953, GPU[3].SA[15].CU[1], cu_IPC, 0.000000000000
954, GPU[3].SA[15].CU[1], simd_inst_count, 0.000000000000
955, GPU[3].SA[15].CU[1], simd_CPI, +Inf
956, GPU[3].SA[15].CU[2], cu_inst_count, 0.000000000000
957, GPU[3].SA[15].CU[2], cu_CPI, +Inf
958, GPU[3].SA[15].CU[2], cu_IPC, 0.000000000000
959, GPU[3].SA[15].CU[2], simd_inst_count, 0.000000000000
960, GPU[3].SA[15].CU[2], simd_CPI, +Inf
961, GPU[3].SA[15].CU[3], cu_inst_count, 0.000000000000
962, GPU[3].SA[15].CU[3], cu_CPI, +Inf
963, GPU[3].SA[15].CU[3], cu_IPC, 0.000000000000
964, GPU[3].SA[15].CU[3], simd_inst_count, 0.000000000000
965, GPU[3].SA[15].CU[3], simd_CPI, +Inf
966, GPU[4].SA[0].CU[0], cu_inst_count, 2340.000000000000
967, GPU[4].SA[0].CU[0], cu_CPI, 14.855555555556
968, GPU[4].SA[0].CU[0], cu_IPC, 0.067314884069
969, GPU[4].SA[0].CU[0], simd_inst_count, 1967.000000000000
970, GPU[4].SA[0].CU[0], simd_CPI, 17.672597864769
971, GPU[4].SA[0].CU[1], cu_inst_count, 2340.000000000000
972, GPU[4].SA[0].CU[1], cu_CPI, 14.855555555556
973, GPU[4].SA[0].CU[1], cu_IPC, 0.067314884069
974, GPU[4].SA[0].CU[1], simd_inst_count, 1967.000000000000
975, GPU[4].SA[0].CU[1], simd_CPI, 17.672597864769
976, GPU[4].SA[0].CU[2], cu_inst_count, 0.000000000000
977, GPU[4].SA[0].CU[2], cu_CPI, +Inf
978, GPU[4].SA[0].CU[2], cu_IPC, 0.000000000000
979, GPU[4].SA[0].CU[2], simd_inst_count, 0.000000000000
980, GPU[4].SA[0].CU[2], simd_CPI, +Inf
981, GPU[4].SA[0].CU[3], cu_inst_count, 0.000000000000
982, GPU[4].SA[0].CU[3], cu_CPI, +Inf
983, GPU[4].SA[0].CU[3], cu_IPC, 0.000000000000
984, GPU[4].SA[0].CU[3], simd_inst_count, 0.000000000000
985, GPU[4].SA[0].CU[3], simd_CPI, +Inf
986, GPU[4].SA[1].CU[0], cu_inst_count, 0.000000000000
987, GPU[4].SA[1].CU[0], cu_CPI, +Inf
988, GPU[4].SA[1].CU[0], cu_IPC, 0.000000000000
989, GPU[4].SA[1].CU[0], simd_inst_count, 0.000000000000
990, GPU[4].SA[1].CU[0], simd_CPI, +Inf
991, GPU[4].SA[1].CU[1], cu_inst_count, 0.000000000000
992, GPU[4].SA[1].CU[1], cu_CPI, +Inf
993, GPU[4].SA[1].CU[1], cu_IPC, 0.000000000000
994, GPU[4].SA[1].CU[1], simd_inst_count, 0.000000000000
995, GPU[4].SA[1].CU[1], simd_CPI, +Inf
996, GPU[4].SA[1].CU[2], cu_inst_count, 0.000000000000
997, GPU[4].SA[1].CU[2], cu_CPI, +Inf
998, GPU[4].SA[1].CU[2], cu_IPC, 0.000000000000
999, GPU[4].SA[1].CU[2], simd_inst_count, 0.000000000000
1000, GPU[4].SA[1].CU[2], simd_CPI, +Inf
1001, GPU[4].SA[1].CU[3], cu_inst_count, 0.000000000000
1002, GPU[4].SA[1].CU[3], cu_CPI, +Inf
1003, GPU[4].SA[1].CU[3], cu_IPC, 0.000000000000
1004, GPU[4].SA[1].CU[3], simd_inst_count, 0.000000000000
1005, GPU[4].SA[1].CU[3], simd_CPI, +Inf
1006, GPU[4].SA[2].CU[0], cu_inst_count, 0.000000000000
1007, GPU[4].SA[2].CU[0], cu_CPI, +Inf
1008, GPU[4].SA[2].CU[0], cu_IPC, 0.000000000000
1009, GPU[4].SA[2].CU[0], simd_inst_count, 0.000000000000
1010, GPU[4].SA[2].CU[0], simd_CPI, +Inf
1011, GPU[4].SA[2].CU[1], cu_inst_count, 0.000000000000
1012, GPU[4].SA[2].CU[1], cu_CPI, +Inf
1013, GPU[4].SA[2].CU[1], cu_IPC, 0.000000000000
1014, GPU[4].SA[2].CU[1], simd_inst_count, 0.000000000000
1015, GPU[4].SA[2].CU[1], simd_CPI, +Inf
1016, GPU[4].SA[2].CU[2], cu_inst_count, 0.000000000000
1017, GPU[4].SA[2].CU[2], cu_CPI, +Inf
1018, GPU[4].SA[2].CU[2], cu_IPC, 0.000000000000
1019, GPU[4].SA[2].CU[2], simd_inst_count, 0.000000000000
1020, GPU[4].SA[2].CU[2], simd_CPI, +Inf
1021, GPU[4].SA[2].CU[3], cu_inst_count, 0.000000000000
1022, GPU[4].SA[2].CU[3], cu_CPI, +Inf
1023, GPU[4].SA[2].CU[3], cu_IPC, 0.000000000000
1024, GPU[4].SA[2].CU[3], simd_inst_count, 0.000000000000
1025, GPU[4].SA[2].CU[3], simd_CPI, +Inf
1026, GPU[4].SA[3].CU[0], cu_inst_count, 0.000000000000
1027, GPU[4].SA[3].CU[0], cu_CPI, +Inf
1028, GPU[4].SA[3].CU[0], cu_IPC, 0.000000000000
1029, GPU[4].SA[3].CU[0], simd_inst_count, 0.000000000000
1030, GPU[4].SA[3].CU[0], simd_CPI, +Inf
1031, GPU[4].SA[3].CU[1], cu_inst_count, 0.000000000000
1032, GPU[4].SA[3].CU[1], cu_CPI, +Inf
1033, GPU[4].SA[3].CU[1], cu_IPC, 0.000000000000
1034, GPU[4].SA[3].CU[1], simd_inst_count, 0.000000000000
1035, GPU[4].SA[3].CU[1], simd_CPI, +Inf
1036, GPU[4].SA[3].CU[2], cu_inst_count, 0.000000000000
1037, GPU[4].SA[3].CU[2], cu_CPI, +Inf
1038, GPU[4].SA[3].CU[2], cu_IPC, 0.000000000000
1039, GPU[4].SA[3].CU[2], simd_inst_count, 0.000000000000
1040, GPU[4].SA[3].CU[2], simd_CPI, +Inf
1041, GPU[4].SA[3].CU[3], cu_inst_count, 0.000000000000
1042, GPU[4].SA[3].CU[3], cu_CPI, +Inf
1043, GPU[4].SA[3].CU[3], cu_IPC, 0.000000000000
1044, GPU[4].SA[3].CU[3], simd_inst_count, 0.000000000000
1045, GPU[4].SA[3].CU[3], simd_CPI, +Inf
1046, GPU[4].SA[4].CU[0], cu_inst_count, 0.000000000000
1047, GPU[4].SA[4].CU[0], cu_CPI, +Inf
1048, GPU[4].SA[4].CU[0], cu_IPC, 0.000000000000
1049, GPU[4].SA[4].CU[0], simd_inst_count, 0.000000000000
1050, GPU[4].SA[4].CU[0], simd_CPI, +Inf
1051, GPU[4].SA[4].CU[1], cu_inst_count, 0.000000000000
1052, GPU[4].SA[4].CU[1], cu_CPI, +Inf
1053, GPU[4].SA[4].CU[1], cu_IPC, 0.000000000000
1054, GPU[4].SA[4].CU[1], simd_inst_count, 0.000000000000
1055, GPU[4].SA[4].CU[1], simd_CPI, +Inf
1056, GPU[4].SA[4].CU[2], cu_inst_count, 0.000000000000
1057, GPU[4].SA[4].CU[2], cu_CPI, +Inf
1058, GPU[4].SA[4].CU[2], cu_IPC, 0.000000000000
1059, GPU[4].SA[4].CU[2], simd_inst_count, 0.000000000000
1060, GPU[4].SA[4].CU[2], simd_CPI, +Inf
1061, GPU[4].SA[4].CU[3], cu_inst_count, 0.000000000000
1062, GPU[4].SA[4].CU[3], cu_CPI, +Inf
1063, GPU[4].SA[4].CU[3], cu_IPC, 0.000000000000
1064, GPU[4].SA[4].CU[3], simd_inst_count, 0.000000000000
1065, GPU[4].SA[4].CU[3], simd_CPI, +Inf
1066, GPU[4].SA[5].CU[0], cu_inst_count, 0.000000000000
1067, GPU[4].SA[5].CU[0], cu_CPI, +Inf
1068, GPU[4].SA[5].CU[0], cu_IPC, 0.000000000000
1069, GPU[4].SA[5].CU[0], simd_inst_count, 0.000000000000
1070, GPU[4].SA[5].CU[0], simd_CPI, +Inf
1071, GPU[4].SA[5].CU[1], cu_inst_count, 0.000000000000
1072, GPU[4].SA[5].CU[1], cu_CPI, +Inf
1073, GPU[4].SA[5].CU[1], cu_IPC, 0.000000000000
1074, GPU[4].SA[5].CU[1], simd_inst_count, 0.000000000000
1075, GPU[4].SA[5].CU[1], simd_CPI, +Inf
1076, GPU[4].SA[5].CU[2], cu_inst_count, 0.000000000000
1077, GPU[4].SA[5].CU[2], cu_CPI, +Inf
1078, GPU[4].SA[5].CU[2], cu_IPC, 0.000000000000
1079, GPU[4].SA[5].CU[2], simd_inst_count, 0.000000000000
1080, GPU[4].SA[5].CU[2], simd_CPI, +Inf
1081, GPU[4].SA[5].CU[3], cu_inst_count, 0.000000000000
1082, GPU[4].SA[5].CU[3], cu_CPI, +Inf
1083, GPU[4].SA[5].CU[3], cu_IPC, 0.000000000000
1084, GPU[4].SA[5].CU[3], simd_inst_count, 0.000000000000
1085, GPU[4].SA[5].CU[3], simd_CPI, +Inf
1086, GPU[4].SA[6].CU[0], cu_inst_count, 0.000000000000
1087, GPU[4].SA[6].CU[0], cu_CPI, +Inf
1088, GPU[4].SA[6].CU[0], cu_IPC, 0.000000000000
1089, GPU[4].SA[6].CU[0], simd_inst_count, 0.000000000000
1090, GPU[4].SA[6].CU[0], simd_CPI, +Inf
1091, GPU[4].SA[6].CU[1], cu_inst_count, 0.000000000000
1092, GPU[4].SA[6].CU[1], cu_CPI, +Inf
1093, GPU[4].SA[6].CU[1], cu_IPC, 0.000000000000
1094, GPU[4].SA[6].CU[1], simd_inst_count, 0.000000000000
1095, GPU[4].SA[6].CU[1], simd_CPI, +Inf
1096, GPU[4].SA[6].CU[2], cu_inst_count, 0.000000000000
1097, GPU[4].SA[6].CU[2], cu_CPI, +Inf
1098, GPU[4].SA[6].CU[2], cu_IPC, 0.000000000000
1099, GPU[4].SA[6].CU[2], simd_inst_count, 0.000000000000
1100, GPU[4].SA[6].CU[2], simd_CPI, +Inf
1101, GPU[4].SA[6].CU[3], cu_inst_count, 0.000000000000
1102, GPU[4].SA[6].CU[3], cu_CPI, +Inf
1103, GPU[4].SA[6].CU[3], cu_IPC, 0.000000000000
1104, GPU[4].SA[6].CU[3], simd_inst_count, 0.000000000000
1105, GPU[4].SA[6].CU[3], simd_CPI, +Inf
1106, GPU[4].SA[7].CU[0], cu_inst_count, 0.000000000000
1107, GPU[4].SA[7].CU[0], cu_CPI, +Inf
1108, GPU[4].SA[7].CU[0], cu_IPC, 0.000000000000
1109, GPU[4].SA[7].CU[0], simd_inst_count, 0.000000000000
1110, GPU[4].SA[7].CU[0], simd_CPI, +Inf
1111, GPU[4].SA[7].CU[1], cu_inst_count, 0.000000000000
1112, GPU[4].SA[7].CU[1], cu_CPI, +Inf
1113, GPU[4].SA[7].CU[1], cu_IPC, 0.000000000000
1114, GPU[4].SA[7].CU[1], simd_inst_count, 0.000000000000
1115, GPU[4].SA[7].CU[1], simd_CPI, +Inf
1116, GPU[4].SA[7].CU[2], cu_inst_count, 0.000000000000
1117, GPU[4].SA[7].CU[2], cu_CPI, +Inf
1118, GPU[4].SA[7].CU[2], cu_IPC, 0.000000000000
1119, GPU[4].SA[7].CU[2], simd_inst_count, 0.000000000000
1120, GPU[4].SA[7].CU[2], simd_CPI, +Inf
1121, GPU[4].SA[7].CU[3], cu_inst_count, 0.000000000000
1122, GPU[4].SA[7].CU[3], cu_CPI, +Inf
1123, GPU[4].SA[7].CU[3], cu_IPC, 0.000000000000
1124, GPU[4].SA[7].CU[3], simd_inst_count, 0.000000000000
1125, GPU[4].SA[7].CU[3], simd_CPI, +Inf
1126, GPU[4].SA[8].CU[0], cu_inst_count, 0.000000000000
1127, GPU[4].SA[8].CU[0], cu_CPI, +Inf
1128, GPU[4].SA[8].CU[0], cu_IPC, 0.000000000000
1129, GPU[4].SA[8].CU[0], simd_inst_count, 0.000000000000
1130, GPU[4].SA[8].CU[0], simd_CPI, +Inf
1131, GPU[4].SA[8].CU[1], cu_inst_count, 0.000000000000
1132, GPU[4].SA[8].CU[1], cu_CPI, +Inf
1133, GPU[4].SA[8].CU[1], cu_IPC, 0.000000000000
1134, GPU[4].SA[8].CU[1], simd_inst_count, 0.000000000000
1135, GPU[4].SA[8].CU[1], simd_CPI, +Inf
1136, GPU[4].SA[8].CU[2], cu_inst_count, 0.000000000000
1137, GPU[4].SA[8].CU[2], cu_CPI, +Inf
1138, GPU[4].SA[8].CU[2], cu_IPC, 0.000000000000
1139, GPU[4].SA[8].CU[2], simd_inst_count, 0.000000000000
1140, GPU[4].SA[8].CU[2], simd_CPI, +Inf
1141, GPU[4].SA[8].CU[3], cu_inst_count, 0.000000000000
1142, GPU[4].SA[8].CU[3], cu_CPI, +Inf
1143, GPU[4].SA[8].CU[3], cu_IPC, 0.000000000000
1144, GPU[4].SA[8].CU[3], simd_inst_count, 0.000000000000
1145, GPU[4].SA[8].CU[3], simd_CPI, +Inf
1146, GPU[4].SA[9].CU[0], cu_inst_count, 0.000000000000
1147, GPU[4].SA[9].CU[0], cu_CPI, +Inf
1148, GPU[4].SA[9].CU[0], cu_IPC, 0.000000000000
1149, GPU[4].SA[9].CU[0], simd_inst_count, 0.000000000000
1150, GPU[4].SA[9].CU[0], simd_CPI, +Inf
1151, GPU[4].SA[9].CU[1], cu_inst_count, 0.000000000000
1152, GPU[4].SA[9].CU[1], cu_CPI, +Inf
1153, GPU[4].SA[9].CU[1], cu_IPC, 0.000000000000
1154, GPU[4].SA[9].CU[1], simd_inst_count, 0.000000000000
1155, GPU[4].SA[9].CU[1], simd_CPI, +Inf
1156, GPU[4].SA[9].CU[2], cu_inst_count, 0.000000000000
1157, GPU[4].SA[9].CU[2], cu_CPI, +Inf
1158, GPU[4].SA[9].CU[2], cu_IPC, 0.000000000000
1159, GPU[4].SA[9].CU[2], simd_inst_count, 0.000000000000
1160, GPU[4].SA[9].CU[2], simd_CPI, +Inf
1161, GPU[4].SA[9].CU[3], cu_inst_count, 0.000000000000
1162, GPU[4].SA[9].CU[3], cu_CPI, +Inf
1163, GPU[4].SA[9].CU[3], cu_IPC, 0.000000000000
1164, GPU[4].SA[9].CU[3], simd_inst_count, 0.000000000000
1165, GPU[4].SA[9].CU[3], simd_CPI, +Inf
1166, GPU[4].SA[10].CU[0], cu_inst_count, 0.000000000000
1167, GPU[4].SA[10].CU[0], cu_CPI, +Inf
1168, GPU[4].SA[10].CU[0], cu_IPC, 0.000000000000
1169, GPU[4].SA[10].CU[0], simd_inst_count, 0.000000000000
1170, GPU[4].SA[10].CU[0], simd_CPI, +Inf
1171, GPU[4].SA[10].CU[1], cu_inst_count, 0.000000000000
1172, GPU[4].SA[10].CU[1], cu_CPI, +Inf
1173, GPU[4].SA[10].CU[1], cu_IPC, 0.000000000000
1174, GPU[4].SA[10].CU[1], simd_inst_count, 0.000000000000
1175, GPU[4].SA[10].CU[1], simd_CPI, +Inf
1176, GPU[4].SA[10].CU[2], cu_inst_count, 0.000000000000
1177, GPU[4].SA[10].CU[2], cu_CPI, +Inf
1178, GPU[4].SA[10].CU[2], cu_IPC, 0.000000000000
1179, GPU[4].SA[10].CU[2], simd_inst_count, 0.000000000000
1180, GPU[4].SA[10].CU[2], simd_CPI, +Inf
1181, GPU[4].SA[10].CU[3], cu_inst_count, 0.000000000000
1182, GPU[4].SA[10].CU[3], cu_CPI, +Inf
1183, GPU[4].SA[10].CU[3], cu_IPC, 0.000000000000
1184, GPU[4].SA[10].CU[3], simd_inst_count, 0.000000000000
1185, GPU[4].SA[10].CU[3], simd_CPI, +Inf
1186, GPU[4].SA[11].CU[0], cu_inst_count, 0.000000000000
1187, GPU[4].SA[11].CU[0], cu_CPI, +Inf
1188, GPU[4].SA[11].CU[0], cu_IPC, 0.000000000000
1189, GPU[4].SA[11].CU[0], simd_inst_count, 0.000000000000
1190, GPU[4].SA[11].CU[0], simd_CPI, +Inf
1191, GPU[4].SA[11].CU[1], cu_inst_count, 0.000000000000
1192, GPU[4].SA[11].CU[1], cu_CPI, +Inf
1193, GPU[4].SA[11].CU[1], cu_IPC, 0.000000000000
1194, GPU[4].SA[11].CU[1], simd_inst_count, 0.000000000000
1195, GPU[4].SA[11].CU[1], simd_CPI, +Inf
1196, GPU[4].SA[11].CU[2], cu_inst_count, 0.000000000000
1197, GPU[4].SA[11].CU[2], cu_CPI, +Inf
1198, GPU[4].SA[11].CU[2], cu_IPC, 0.000000000000
1199, GPU[4].SA[11].CU[2], simd_inst_count, 0.000000000000
1200, GPU[4].SA[11].CU[2], simd_CPI, +Inf
1201, GPU[4].SA[11].CU[3], cu_inst_count, 0.000000000000
1202, GPU[4].SA[11].CU[3], cu_CPI, +Inf
1203, GPU[4].SA[11].CU[3], cu_IPC, 0.000000000000
1204, GPU[4].SA[11].CU[3], simd_inst_count, 0.000000000000
1205, GPU[4].SA[11].CU[3], simd_CPI, +Inf
1206, GPU[4].SA[12].CU[0], cu_inst_count, 0.000000000000
1207, GPU[4].SA[12].CU[0], cu_CPI, +Inf
1208, GPU[4].SA[12].CU[0], cu_IPC, 0.000000000000
1209, GPU[4].SA[12].CU[0], simd_inst_count, 0.000000000000
1210, GPU[4].SA[12].CU[0], simd_CPI, +Inf
1211, GPU[4].SA[12].CU[1], cu_inst_count, 0.000000000000
1212, GPU[4].SA[12].CU[1], cu_CPI, +Inf
1213, GPU[4].SA[12].CU[1], cu_IPC, 0.000000000000
1214, GPU[4].SA[12].CU[1], simd_inst_count, 0.000000000000
1215, GPU[4].SA[12].CU[1], simd_CPI, +Inf
1216, GPU[4].SA[12].CU[2], cu_inst_count, 0.000000000000
1217, GPU[4].SA[12].CU[2], cu_CPI, +Inf
1218, GPU[4].SA[12].CU[2], cu_IPC, 0.000000000000
1219, GPU[4].SA[12].CU[2], simd_inst_count, 0.000000000000
1220, GPU[4].SA[12].CU[2], simd_CPI, +Inf
1221, GPU[4].SA[12].CU[3], cu_inst_count, 0.000000000000
1222, GPU[4].SA[12].CU[3], cu_CPI, +Inf
1223, GPU[4].SA[12].CU[3], cu_IPC, 0.000000000000
1224, GPU[4].SA[12].CU[3], simd_inst_count, 0.000000000000
1225, GPU[4].SA[12].CU[3], simd_CPI, +Inf
1226, GPU[4].SA[13].CU[0], cu_inst_count, 0.000000000000
1227, GPU[4].SA[13].CU[0], cu_CPI, +Inf
1228, GPU[4].SA[13].CU[0], cu_IPC, 0.000000000000
1229, GPU[4].SA[13].CU[0], simd_inst_count, 0.000000000000
1230, GPU[4].SA[13].CU[0], simd_CPI, +Inf
1231, GPU[4].SA[13].CU[1], cu_inst_count, 0.000000000000
1232, GPU[4].SA[13].CU[1], cu_CPI, +Inf
1233, GPU[4].SA[13].CU[1], cu_IPC, 0.000000000000
1234, GPU[4].SA[13].CU[1], simd_inst_count, 0.000000000000
1235, GPU[4].SA[13].CU[1], simd_CPI, +Inf
1236, GPU[4].SA[13].CU[2], cu_inst_count, 0.000000000000
1237, GPU[4].SA[13].CU[2], cu_CPI, +Inf
1238, GPU[4].SA[13].CU[2], cu_IPC, 0.000000000000
1239, GPU[4].SA[13].CU[2], simd_inst_count, 0.000000000000
1240, GPU[4].SA[13].CU[2], simd_CPI, +Inf
1241, GPU[4].SA[13].CU[3], cu_inst_count, 0.000000000000
1242, GPU[4].SA[13].CU[3], cu_CPI, +Inf
1243, GPU[4].SA[13].CU[3], cu_IPC, 0.000000000000
1244, GPU[4].SA[13].CU[3], simd_inst_count, 0.000000000000
1245, GPU[4].SA[13].CU[3], simd_CPI, +Inf
1246, GPU[4].SA[14].CU[0], cu_inst_count, 0.000000000000
1247, GPU[4].SA[14].CU[0], cu_CPI, +Inf
1248, GPU[4].SA[14].CU[0], cu_IPC, 0.000000000000
1249, GPU[4].SA[14].CU[0], simd_inst_count, 0.000000000000
1250, GPU[4].SA[14].CU[0], simd_CPI, +Inf
1251, GPU[4].SA[14].CU[1], cu_inst_count, 0.000000000000
1252, GPU[4].SA[14].CU[1], cu_CPI, +Inf
1253, GPU[4].SA[14].CU[1], cu_IPC, 0.000000000000
1254, GPU[4].SA[14].CU[1], simd_inst_count, 0.000000000000
1255, GPU[4].SA[14].CU[1], simd_CPI, +Inf
1256, GPU[4].SA[14].CU[2], cu_inst_count, 0.000000000000
1257, GPU[4].SA[14].CU[2], cu_CPI, +Inf
1258, GPU[4].SA[14].CU[2], cu_IPC, 0.000000000000
1259, GPU[4].SA[14].CU[2], simd_inst_count, 0.000000000000
1260, GPU[4].SA[14].CU[2], simd_CPI, +Inf
1261, GPU[4].SA[14].CU[3], cu_inst_count, 0.000000000000
1262, GPU[4].SA[14].CU[3], cu_CPI, +Inf
1263, GPU[4].SA[14].CU[3], cu_IPC, 0.000000000000
1264, GPU[4].SA[14].CU[3], simd_inst_count, 0.000000000000
1265, GPU[4].SA[14].CU[3], simd_CPI, +Inf
1266, GPU[4].SA[15].CU[0], cu_inst_count, 0.000000000000
1267, GPU[4].SA[15].CU[0], cu_CPI, +Inf
1268, GPU[4].SA[15].CU[0], cu_IPC, 0.000000000000
1269, GPU[4].SA[15].CU[0], simd_inst_count, 0.000000000000
1270, GPU[4].SA[15].CU[0], simd_CPI, +Inf
1271, GPU[4].SA[15].CU[1], cu_inst_count, 0.000000000000
1272, GPU[4].SA[15].CU[1], cu_CPI, +Inf
1273, GPU[4].SA[15].CU[1], cu_IPC, 0.000000000000
1274, GPU[4].SA[15].CU[1], simd_inst_count, 0.000000000000
1275, GPU[4].SA[15].CU[1], simd_CPI, +Inf
1276, GPU[4].SA[15].CU[2], cu_inst_count, 0.000000000000
1277, GPU[4].SA[15].CU[2], cu_CPI, +Inf
1278, GPU[4].SA[15].CU[2], cu_IPC, 0.000000000000
1279, GPU[4].SA[15].CU[2], simd_inst_count, 0.000000000000
1280, GPU[4].SA[15].CU[2], simd_CPI, +Inf
1281, GPU[4].SA[15].CU[3], cu_inst_count, 0.000000000000
1282, GPU[4].SA[15].CU[3], cu_CPI, +Inf
1283, GPU[4].SA[15].CU[3], cu_IPC, 0.000000000000
1284, GPU[4].SA[15].CU[3], simd_inst_count, 0.000000000000
1285, GPU[4].SA[15].CU[3], simd_CPI, +Inf
1286, GPU[1].SA[0].CU[0], CPIStack.ScalarInst, 0.203418803419
1287, GPU[1].SA[0].CU[0], CPIStack.VMem, 6.622222222222
1288, GPU[1].SA[0].CU[0], CPIStack.VALU, 4.153846153846
1289, GPU[1].SA[0].CU[0], CPIStack.Branch, 0.028205128205
1290, GPU[1].SA[0].CU[0], CPIStack.Idle, 0.017948717949
1291, GPU[1].SA[0].CU[0], CPIStack.ScalarMemInst, 0.002564102564
1292, GPU[1].SA[0].CU[0], CPIStack.Special, 0.014102564103
1293, GPU[1].SA[0].CU[0], CPIStack.total, 12.424358974359
1294, GPU[1].SA[0].CU[0], CPIStack.Fetch, 0.538888888889
1295, GPU[1].SA[0].CU[0], CPIStack.ScalarMem, 0.334188034188
1296, GPU[1].SA[0].CU[0], CPIStack.LDS, 0.205128205128
1297, GPU[1].SA[0].CU[0], CPIStack.VMemInst, 0.303418803419
1298, GPU[1].SA[0].CU[0], SIMDCPIStack.VMem, 7.971193415638
1299, GPU[1].SA[0].CU[0], SIMDCPIStack.total, 14.955246913580
1300, GPU[1].SA[0].CU[0], SIMDCPIStack.ScalarInst, 0.244855967078
1301, GPU[1].SA[0].CU[0], SIMDCPIStack.LDS, 0.246913580247
1302, GPU[1].SA[0].CU[0], SIMDCPIStack.Idle, 0.021604938272
1303, GPU[1].SA[0].CU[0], SIMDCPIStack.ScalarMemInst, 0.003086419753
1304, GPU[1].SA[0].CU[0], SIMDCPIStack.VALU, 5.000000000000
1305, GPU[1].SA[0].CU[0], SIMDCPIStack.VMemInst, 0.365226337449
1306, GPU[1].SA[0].CU[0], SIMDCPIStack.Fetch, 0.648662551440
1307, GPU[1].SA[0].CU[0], SIMDCPIStack.ScalarMem, 0.402263374486
1308, GPU[1].SA[0].CU[0], SIMDCPIStack.Branch, 0.033950617284
1309, GPU[1].SA[0].CU[0], SIMDCPIStack.Special, 0.016975308642
1310, GPU[1].SA[0].CU[1], CPIStack.total, 12.422222222222
1311, GPU[1].SA[0].CU[1], CPIStack.Fetch, 0.529914529915
1312, GPU[1].SA[0].CU[1], CPIStack.ScalarMemInst, 0.002564102564
1313, GPU[1].SA[0].CU[1], CPIStack.Special, 0.014102564103
1314, GPU[1].SA[0].CU[1], CPIStack.VMem, 6.629059829060
1315, GPU[1].SA[0].CU[1], CPIStack.ScalarMem, 0.334188034188
1316, GPU[1].SA[0].CU[1], CPIStack.ScalarInst, 0.203418803419
1317, GPU[1].SA[0].CU[1], CPIStack.VMemInst, 0.303418803419
1318, GPU[1].SA[0].CU[1], CPIStack.Branch, 0.028205128205
1319, GPU[1].SA[0].CU[1], CPIStack.Idle, 0.017948717949
1320, GPU[1].SA[0].CU[1], CPIStack.VALU, 4.153846153846
1321, GPU[1].SA[0].CU[1], CPIStack.LDS, 0.205128205128
1322, GPU[1].SA[0].CU[1], SIMDCPIStack.LDS, 0.246913580247
1323, GPU[1].SA[0].CU[1], SIMDCPIStack.Branch, 0.033950617284
1324, GPU[1].SA[0].CU[1], SIMDCPIStack.Special, 0.016975308642
1325, GPU[1].SA[0].CU[1], SIMDCPIStack.VMem, 7.979423868313
1326, GPU[1].SA[0].CU[1], SIMDCPIStack.Idle, 0.021604938272
1327, GPU[1].SA[0].CU[1], SIMDCPIStack.Fetch, 0.637860082305
1328, GPU[1].SA[0].CU[1], SIMDCPIStack.ScalarMemInst, 0.003086419753
1329, GPU[1].SA[0].CU[1], SIMDCPIStack.ScalarInst, 0.244855967078
1330, GPU[1].SA[0].CU[1], SIMDCPIStack.total, 14.952674897119
1331, GPU[1].SA[0].CU[1], SIMDCPIStack.ScalarMem, 0.402263374486
1332, GPU[1].SA[0].CU[1], SIMDCPIStack.VALU, 5.000000000000
1333, GPU[1].SA[0].CU[1], SIMDCPIStack.VMemInst, 0.365226337449
1334, GPU[1].SA[0].CU[2], CPIStack.total, NaN
1335, GPU[1].SA[0].CU[2], SIMDCPIStack.total, NaN
1336, GPU[1].SA[0].CU[3], CPIStack.total, NaN
1337, GPU[1].SA[0].CU[3], SIMDCPIStack.total, NaN
1338, GPU[1].SA[1].CU[0], CPIStack.total, NaN
1339, GPU[1].SA[1].CU[0], SIMDCPIStack.total, NaN
1340, GPU[1].SA[1].CU[1], CPIStack.total, NaN
1341, GPU[1].SA[1].CU[1], SIMDCPIStack.total, NaN
1342, GPU[1].SA[1].CU[2], CPIStack.total, NaN
1343, GPU[1].SA[1].CU[2], SIMDCPIStack.total, NaN
1344, GPU[1].SA[1].CU[3], CPIStack.total, NaN
1345, GPU[1].SA[1].CU[3], SIMDCPIStack.total, NaN
1346, GPU[1].SA[2].CU[0], CPIStack.total, NaN
1347, GPU[1].SA[2].CU[0], SIMDCPIStack.total, NaN
1348, GPU[1].SA[2].CU[1], CPIStack.total, NaN
1349, GPU[1].SA[2].CU[1], SIMDCPIStack.total, NaN
1350, GPU[1].SA[2].CU[2], CPIStack.total, NaN
1351, GPU[1].SA[2].CU[2], SIMDCPIStack.total, NaN
1352, GPU[1].SA[2].CU[3], CPIStack.total, NaN
1353, GPU[1].SA[2].CU[3], SIMDCPIStack.total, NaN
1354, GPU[1].SA[3].CU[0], CPIStack.total, NaN
1355, GPU[1].SA[3].CU[0], SIMDCPIStack.total, NaN
1356, GPU[1].SA[3].CU[1], CPIStack.total, NaN
1357, GPU[1].SA[3].CU[1], SIMDCPIStack.total, NaN
1358, GPU[1].SA[3].CU[2], CPIStack.total, NaN
1359, GPU[1].SA[3].CU[2], SIMDCPIStack.total, NaN
1360, GPU[1].SA[3].CU[3], CPIStack.total, NaN
1361, GPU[1].SA[3].CU[3], SIMDCPIStack.total, NaN
1362, GPU[1].SA[4].CU[0], CPIStack.total, NaN
1363, GPU[1].SA[4].CU[0], SIMDCPIStack.total, NaN
1364, GPU[1].SA[4].CU[1], CPIStack.total, NaN
1365, GPU[1].SA[4].CU[1], SIMDCPIStack.total, NaN
1366, GPU[1].SA[4].CU[2], CPIStack.total, NaN
1367, GPU[1].SA[4].CU[2], SIMDCPIStack.total, NaN
1368, GPU[1].SA[4].CU[3], CPIStack.total, NaN
1369, GPU[1].SA[4].CU[3], SIMDCPIStack.total, NaN
1370, GPU[1].SA[5].CU[0], CPIStack.total, NaN
1371, GPU[1].SA[5].CU[0], SIMDCPIStack.total, NaN
1372, GPU[1].SA[5].CU[1], CPIStack.total, NaN
1373, GPU[1].SA[5].CU[1], SIMDCPIStack.total, NaN
1374, GPU[1].SA[5].CU[2], CPIStack.total, NaN
1375, GPU[1].SA[5].CU[2], SIMDCPIStack.total, NaN
1376, GPU[1].SA[5].CU[3], CPIStack.total, NaN
1377, GPU[1].SA[5].CU[3], SIMDCPIStack.total, NaN
1378, GPU[1].SA[6].CU[0], CPIStack.total, NaN
1379, GPU[1].SA[6].CU[0], SIMDCPIStack.total, NaN
1380, GPU[1].SA[6].CU[1], CPIStack.total, NaN
1381, GPU[1].SA[6].CU[1], SIMDCPIStack.total, NaN
1382, GPU[1].SA[6].CU[2], CPIStack.total, NaN
1383, GPU[1].SA[6].CU[2], SIMDCPIStack.total, NaN
1384, GPU[1].SA[6].CU[3], CPIStack.total, NaN
1385, GPU[1].SA[6].CU[3], SIMDCPIStack.total, NaN
1386, GPU[1].SA[7].CU[0], CPIStack.total, NaN
1387, GPU[1].SA[7].CU[0], SIMDCPIStack.total, NaN
1388, GPU[1].SA[7].CU[1], CPIStack.total, NaN
1389, GPU[1].SA[7].CU[1], SIMDCPIStack.total, NaN
1390, GPU[1].SA[7].CU[2], CPIStack.total, NaN
1391, GPU[1].SA[7].CU[2], SIMDCPIStack.total, NaN
1392, GPU[1].SA[7].CU[3], CPIStack.total, NaN
1393, GPU[1].SA[7].CU[3], SIMDCPIStack.total, NaN
1394, GPU[1].SA[8].CU[0], CPIStack.total, NaN
1395, GPU[1].SA[8].CU[0], SIMDCPIStack.total, NaN
1396, GPU[1].SA[8].CU[1], CPIStack.total, NaN
1397, GPU[1].SA[8].CU[1], SIMDCPIStack.total, NaN
1398, GPU[1].SA[8].CU[2], CPIStack.total, NaN
1399, GPU[1].SA[8].CU[2], SIMDCPIStack.total, NaN
1400, GPU[1].SA[8].CU[3], CPIStack.total, NaN
1401, GPU[1].SA[8].CU[3], SIMDCPIStack.total, NaN
1402, GPU[1].SA[9].CU[0], CPIStack.total, NaN
1403, GPU[1].SA[9].CU[0], SIMDCPIStack.total, NaN
1404, GPU[1].SA[9].CU[1], CPIStack.total, NaN
1405, GPU[1].SA[9].CU[1], SIMDCPIStack.total, NaN
1406, GPU[1].SA[9].CU[2], CPIStack.total, NaN
1407, GPU[1].SA[9].CU[2], SIMDCPIStack.total, NaN
1408, GPU[1].SA[9].CU[3], CPIStack.total, NaN
1409, GPU[1].SA[9].CU[3], SIMDCPIStack.total, NaN
1410, GPU[1].SA[10].CU[0], CPIStack.total, NaN
1411, GPU[1].SA[10].CU[0], SIMDCPIStack.total, NaN
1412, GPU[1].SA[10].CU[1], CPIStack.total, NaN
1413, GPU[1].SA[10].CU[1], SIMDCPIStack.total, NaN
1414, GPU[1].SA[10].CU[2], CPIStack.total, NaN
1415, GPU[1].SA[10].CU[2], SIMDCPIStack.total, NaN
1416, GPU[1].SA[10].CU[3], CPIStack.total, NaN
1417, GPU[1].SA[10].CU[3], SIMDCPIStack.total, NaN
1418, GPU[1].SA[11].CU[0], CPIStack.total, NaN
1419, GPU[1].SA[11].CU[0], SIMDCPIStack.total, NaN
1420, GPU[1].SA[11].CU[1], CPIStack.total, NaN
1421, GPU[1].SA[11].CU[1], SIMDCPIStack.total, NaN
1422, GPU[1].SA[11].CU[2], CPIStack.total, NaN
1423, GPU[1].SA[11].CU[2], SIMDCPIStack.total, NaN
1424, GPU[1].SA[11].CU[3], CPIStack.total, NaN
1425, GPU[1].SA[11].CU[3], SIMDCPIStack.total, NaN
1426, GPU[1].SA[12].CU[0], CPIStack.total, NaN
1427, GPU[1].SA[12].CU[0], SIMDCPIStack.total, NaN
1428, GPU[1].SA[12].CU[1], CPIStack.total, NaN
1429, GPU[1].SA[12].CU[1], SIMDCPIStack.total, NaN
1430, GPU[1].SA[12].CU[2], CPIStack.total, NaN
1431, GPU[1].SA[12].CU[2], SIMDCPIStack.total, NaN
1432, GPU[1].SA[12].CU[3], CPIStack.total, NaN
1433, GPU[1].SA[12].CU[3], SIMDCPIStack.total, NaN
1434, GPU[1].SA[13].CU[0], CPIStack.total, NaN
1435, GPU[1].SA[13].CU[0], SIMDCPIStack.total, NaN
1436, GPU[1].SA[13].CU[1], CPIStack.total, NaN
1437, GPU[1].SA[13].CU[1], SIMDCPIStack.total, NaN
1438, GPU[1].SA[13].CU[2], CPIStack.total, NaN
1439, GPU[1].SA[13].CU[2], SIMDCPIStack.total, NaN
1440, GPU[1].SA[13].CU[3], CPIStack.total, NaN
1441, GPU[1].SA[13].CU[3], SIMDCPIStack.total, NaN
1442, GPU[1].SA[14].CU[0], CPIStack.total, NaN
1443, GPU[1].SA[14].CU[0], SIMDCPIStack.total, NaN
1444, GPU[1].SA[14].CU[1], CPIStack.total, NaN
1445, GPU[1].SA[14].CU[1], SIMDCPIStack.total, NaN
1446, GPU[1].SA[14].CU[2], CPIStack.total, NaN
1447, GPU[1].SA[14].CU[2], SIMDCPIStack.total, NaN
1448, GPU[1].SA[14].CU[3], CPIStack.total, NaN
1449, GPU[1].SA[14].CU[3], SIMDCPIStack.total, NaN
1450, GPU[1].SA[15].CU[0], CPIStack.total, NaN
1451, GPU[1].SA[15].CU[0], SIMDCPIStack.total, NaN
1452, GPU[1].SA[15].CU[1], CPIStack.total, NaN
1453, GPU[1].SA[15].CU[1], SIMDCPIStack.total, NaN
1454, GPU[1].SA[15].CU[2], CPIStack.total, NaN
1455, GPU[1].SA[15].CU[2], SIMDCPIStack.total, NaN
1456, GPU[1].SA[15].CU[3], CPIStack.total, NaN
1457, GPU[1].SA[15].CU[3], SIMDCPIStack.total, NaN
1458, GPU[2].SA[0].CU[0], CPIStack.ScalarMemInst, 0.002564102564
1459, GPU[2].SA[0].CU[0], CPIStack.Branch, 0.028205128205
1460, GPU[2].SA[0].CU[0], CPIStack.LDS, 0.205128205128
1461, GPU[2].SA[0].CU[0], CPIStack.VMem, 6.783760683761
1462, GPU[2].SA[0].CU[0], CPIStack.VMemInst, 0.329059829060
1463, GPU[2].SA[0].CU[0], CPIStack.Idle, 0.017948717949
1464, GPU[2].SA[0].CU[0], CPIStack.total, 12.611538461538
1465, GPU[2].SA[0].CU[0], CPIStack.Fetch, 0.538888888889
1466, GPU[2].SA[0].CU[0], CPIStack.ScalarMem, 0.334188034188
1467, GPU[2].SA[0].CU[0], CPIStack.ScalarInst, 0.203418803419
1468, GPU[2].SA[0].CU[0], CPIStack.Special, 0.014102564103
1469, GPU[2].SA[0].CU[0], CPIStack.VALU, 4.153846153846
1470, GPU[2].SA[0].CU[0], SIMDCPIStack.VMem, 8.165637860082
1471, GPU[2].SA[0].CU[0], SIMDCPIStack.VMemInst, 0.396090534979
1472, GPU[2].SA[0].CU[0], SIMDCPIStack.Idle, 0.021604938272
1473, GPU[2].SA[0].CU[0], SIMDCPIStack.ScalarMemInst, 0.003086419753
1474, GPU[2].SA[0].CU[0], SIMDCPIStack.ScalarMem, 0.402263374486
1475, GPU[2].SA[0].CU[0], SIMDCPIStack.VALU, 5.000000000000
1476, GPU[2].SA[0].CU[0], SIMDCPIStack.total, 15.180555555556
1477, GPU[2].SA[0].CU[0], SIMDCPIStack.Branch, 0.033950617284
1478, GPU[2].SA[0].CU[0], SIMDCPIStack.LDS, 0.246913580247
1479, GPU[2].SA[0].CU[0], SIMDCPIStack.Fetch, 0.648662551440
1480, GPU[2].SA[0].CU[0], SIMDCPIStack.ScalarInst, 0.244855967078
1481, GPU[2].SA[0].CU[0], SIMDCPIStack.Special, 0.016975308642
1482, GPU[2].SA[0].CU[1], CPIStack.VALU, 4.153846153846
1483, GPU[2].SA[0].CU[1], CPIStack.Fetch, 0.529059829060
1484, GPU[2].SA[0].CU[1], CPIStack.ScalarInst, 0.203418803419
1485, GPU[2].SA[0].CU[1], CPIStack.VMemInst, 0.329059829060
1486, GPU[2].SA[0].CU[1], CPIStack.VMem, 6.791452991453
1487, GPU[2].SA[0].CU[1], CPIStack.Branch, 0.028205128205
1488, GPU[2].SA[0].CU[1], CPIStack.total, 12.609401709402
1489, GPU[2].SA[0].CU[1], CPIStack.ScalarMem, 0.334188034188
1490, GPU[2].SA[0].CU[1], CPIStack.Special, 0.014102564103
1491, GPU[2].SA[0].CU[1], CPIStack.LDS, 0.205128205128
1492, GPU[2].SA[0].CU[1], CPIStack.Idle, 0.017948717949
1493, GPU[2].SA[0].CU[1], CPIStack.ScalarMemInst, 0.002564102564
1494, GPU[2].SA[0].CU[1], SIMDCPIStack.ScalarMemInst, 0.003086419753
1495, GPU[2].SA[0].CU[1], SIMDCPIStack.VALU, 5.000000000000
1496, GPU[2].SA[0].CU[1], SIMDCPIStack.Idle, 0.021604938272
1497, GPU[2].SA[0].CU[1], SIMDCPIStack.ScalarInst, 0.244855967078
1498, GPU[2].SA[0].CU[1], SIMDCPIStack.Special, 0.016975308642
1499, GPU[2].SA[0].CU[1], SIMDCPIStack.total, 15.177983539095
1500, GPU[2].SA[0].CU[1], SIMDCPIStack.VMemInst, 0.396090534979
1501, GPU[2].SA[0].CU[1], SIMDCPIStack.VMem, 8.174897119342
1502, GPU[2].SA[0].CU[1], SIMDCPIStack.Branch, 0.033950617284
1503, GPU[2].SA[0].CU[1], SIMDCPIStack.LDS, 0.246913580247
1504, GPU[2].SA[0].CU[1], SIMDCPIStack.Fetch, 0.636831275720
1505, GPU[2].SA[0].CU[1], SIMDCPIStack.ScalarMem, 0.402263374486
1506, GPU[2].SA[0].CU[2], CPIStack.total, NaN
1507, GPU[2].SA[0].CU[2], SIMDCPIStack.total, NaN
1508, GPU[2].SA[0].CU[3], CPIStack.total, NaN
1509, GPU[2].SA[0].CU[3], SIMDCPIStack.total, NaN
1510, GPU[2].SA[1].CU[0], CPIStack.total, NaN
1511, GPU[2].SA[1].CU[0], SIMDCPIStack.total, NaN
1512, GPU[2].SA[1].CU[1], CPIStack.total, NaN
1513, GPU[2].SA[1].CU[1], SIMDCPIStack.total, NaN
1514, GPU[2].SA[1].CU[2], CPIStack.total, NaN
1515, GPU[2].SA[1].CU[2], SIMDCPIStack.total, NaN
1516, GPU[2].SA[1].CU[3], CPIStack.total, NaN
1517, GPU[2].SA[1].CU[3], SIMDCPIStack.total, NaN
1518, GPU[2].SA[2].CU[0], CPIStack.total, NaN
1519, GPU[2].SA[2].CU[0], SIMDCPIStack.total, NaN
1520, GPU[2].SA[2].CU[1], CPIStack.total, NaN
1521, GPU[2].SA[2].CU[1], SIMDCPIStack.total, NaN
1522, GPU[2].SA[2].CU[2], CPIStack.total, NaN
1523, GPU[2].SA[2].CU[2], SIMDCPIStack.total, NaN
1524, GPU[2].SA[2].CU[3], CPIStack.total, NaN
1525, GPU[2].SA[2].CU[3], SIMDCPIStack.total, NaN
1526, GPU[2].SA[3].CU[0], CPIStack.total, NaN
1527, GPU[2].SA[3].CU[0], SIMDCPIStack.total, NaN
1528, GPU[2].SA[3].CU[1], CPIStack.total, NaN
1529, GPU[2].SA[3].CU[1], SIMDCPIStack.total, NaN
1530, GPU[2].SA[3].CU[2], CPIStack.total, NaN
1531, GPU[2].SA[3].CU[2], SIMDCPIStack.total, NaN
1532, GPU[2].SA[3].CU[3], CPIStack.total, NaN
1533, GPU[2].SA[3].CU[3], SIMDCPIStack.total, NaN
1534, GPU[2].SA[4].CU[0], CPIStack.total, NaN
1535, GPU[2].SA[4].CU[0], SIMDCPIStack.total, NaN
1536, GPU[2].SA[4].CU[1], CPIStack.total, NaN
1537, GPU[2].SA[4].CU[1], SIMDCPIStack.total, NaN
1538, GPU[2].SA[4].CU[2], CPIStack.total, NaN
1539, GPU[2].SA[4].CU[2], SIMDCPIStack.total, NaN
1540, GPU[2].SA[4].CU[3], CPIStack.total, NaN
1541, GPU[2].SA[4].CU[3], SIMDCPIStack.total, NaN
1542, GPU[2].SA[5].CU[0], CPIStack.total, NaN
1543, GPU[2].SA[5].CU[0], SIMDCPIStack.total, NaN
1544, GPU[2].SA[5].CU[1], CPIStack.total, NaN
1545, GPU[2].SA[5].CU[1], SIMDCPIStack.total, NaN
1546, GPU[2].SA[5].CU[2], CPIStack.total, NaN
1547, GPU[2].SA[5].CU[2], SIMDCPIStack.total, NaN
1548, GPU[2].SA[5].CU[3], CPIStack.total, NaN
1549, GPU[2].SA[5].CU[3], SIMDCPIStack.total, NaN
1550, GPU[2].SA[6].CU[0], CPIStack.total, NaN
1551, GPU[2].SA[6].CU[0], SIMDCPIStack.total, NaN
1552, GPU[2].SA[6].CU[1], CPIStack.total, NaN
1553, GPU[2].SA[6].CU[1], SIMDCPIStack.total, NaN
1554, GPU[2].SA[6].CU[2], CPIStack.total, NaN
1555, GPU[2].SA[6].CU[2], SIMDCPIStack.total, NaN
1556, GPU[2].SA[6].CU[3], CPIStack.total, NaN
1557, GPU[2].SA[6].CU[3], SIMDCPIStack.total, NaN
1558, GPU[2].SA[7].CU[0], CPIStack.total, NaN
1559, GPU[2].SA[7].CU[0], SIMDCPIStack.total, NaN
1560, GPU[2].SA[7].CU[1], CPIStack.total, NaN
1561, GPU[2].SA[7].CU[1], SIMDCPIStack.total, NaN
1562, GPU[2].SA[7].CU[2], CPIStack.total, NaN
1563, GPU[2].SA[7].CU[2], SIMDCPIStack.total, NaN
1564, GPU[2].SA[7].CU[3], CPIStack.total, NaN
1565, GPU[2].SA[7].CU[3], SIMDCPIStack.total, NaN
1566, GPU[2].SA[8].CU[0], CPIStack.total, NaN
1567, GPU[2].SA[8].CU[0], SIMDCPIStack.total, NaN
1568, GPU[2].SA[8].CU[1], CPIStack.total, NaN
1569, GPU[2].SA[8].CU[1], SIMDCPIStack.total, NaN
1570, GPU[2].SA[8].CU[2], CPIStack.total, NaN
1571, GPU[2].SA[8].CU[2], SIMDCPIStack.total, NaN
1572, GPU[2].SA[8].CU[3], CPIStack.total, NaN
1573, GPU[2].SA[8].CU[3], SIMDCPIStack.total, NaN
1574, GPU[2].SA[9].CU[0], CPIStack.total, NaN
1575, GPU[2].SA[9].CU[0], SIMDCPIStack.total, NaN
1576, GPU[2].SA[9].CU[1], CPIStack.total, NaN
1577, GPU[2].SA[9].CU[1], SIMDCPIStack.total, NaN
1578, GPU[2].SA[9].CU[2], CPIStack.total, NaN
1579, GPU[2].SA[9].CU[2], SIMDCPIStack.total, NaN
1580, GPU[2].SA[9].CU[3], CPIStack.total, NaN
1581, GPU[2].SA[9].CU[3], SIMDCPIStack.total, NaN
1582, GPU[2].SA[10].CU[0], CPIStack.total, NaN
1583, GPU[2].SA[10].CU[0], SIMDCPIStack.total, NaN
1584, GPU[2].SA[10].CU[1], CPIStack.total, NaN
1585, GPU[2].SA[10].CU[1], SIMDCPIStack.total, NaN
1586, GPU[2].SA[10].CU[2], CPIStack.total, NaN
1587, GPU[2].SA[10].CU[2], SIMDCPIStack.total, NaN
1588, GPU[2].SA[10].CU[3], CPIStack.total, NaN
1589, GPU[2].SA[10].CU[3], SIMDCPIStack.total, NaN
1590, GPU[2].SA[11].CU[0], CPIStack.total, NaN
1591, GPU[2].SA[11].CU[0], SIMDCPIStack.total, NaN
1592, GPU[2].SA[11].CU[1], CPIStack.total, NaN
1593, GPU[2].SA[11].CU[1], SIMDCPIStack.total, NaN
1594, GPU[2].SA[11].CU[2], CPIStack.total, NaN
1595, GPU[2].SA[11].CU[2], SIMDCPIStack.total, NaN
1596, GPU[2].SA[11].CU[3], CPIStack.total, NaN
1597, GPU[2].SA[11].CU[3], SIMDCPIStack.total, NaN
1598, GPU[2].SA[12].CU[0], CPIStack.total, NaN
1599, GPU[2].SA[12].CU[0], SIMDCPIStack.total, NaN
1600, GPU[2].SA[12].CU[1], CPIStack.total, NaN
1601, GPU[2].SA[12].CU[1], SIMDCPIStack.total, NaN
1602, GPU[2].SA[12].CU[2], CPIStack.total, NaN
1603, GPU[2].SA[12].CU[2], SIMDCPIStack.total, NaN
1604, GPU[2].SA[12].CU[3], CPIStack.total, NaN
1605, GPU[2].SA[12].CU[3], SIMDCPIStack.total, NaN
1606, GPU[2].SA[13].CU[0], CPIStack.total, NaN
1607, GPU[2].SA[13].CU[0], SIMDCPIStack.total, NaN
1608, GPU[2].SA[13].CU[1], CPIStack.total, NaN
1609, GPU[2].SA[13].CU[1], SIMDCPIStack.total, NaN
1610, GPU[2].SA[13].CU[2], CPIStack.total, NaN
1611, GPU[2].SA[13].CU[2], SIMDCPIStack.total, NaN
1612, GPU[2].SA[13].CU[3], CPIStack.total, NaN
1613, GPU[2].SA[13].CU[3], SIMDCPIStack.total, NaN
1614, GPU[2].SA[14].CU[0], CPIStack.total, NaN
1615, GPU[2].SA[14].CU[0], SIMDCPIStack.total, NaN
1616, GPU[2].SA[14].CU[1], CPIStack.total, NaN
1617, GPU[2].SA[14].CU[1], SIMDCPIStack.total, NaN
1618, GPU[2].SA[14].CU[2], CPIStack.total, NaN
1619, GPU[2].SA[14].CU[2], SIMDCPIStack.total, NaN
1620, GPU[2].SA[14].CU[3], CPIStack.total, NaN
1621, GPU[2].SA[14].CU[3], SIMDCPIStack.total, NaN
1622, GPU[2].SA[15].CU[0], CPIStack.total, NaN
1623, GPU[2].SA[15].CU[0], SIMDCPIStack.total, NaN
1624, GPU[2].SA[15].CU[1], CPIStack.total, NaN
1625, GPU[2].SA[15].CU[1], SIMDCPIStack.total, NaN
1626, GPU[2].SA[15].CU[2], CPIStack.total, NaN
1627, GPU[2].SA[15].CU[2], SIMDCPIStack.total, NaN
1628, GPU[2].SA[15].CU[3], CPIStack.total, NaN
1629, GPU[2].SA[15].CU[3], SIMDCPIStack.total, NaN
1630, GPU[3].SA[0].CU[0], CPIStack.LDS, 0.205128205128
1631, GPU[3].SA[0].CU[0], CPIStack.ScalarMemInst, 0.002564102564
1632, GPU[3].SA[0].CU[0], CPIStack.VMemInst, 0.329059829060
1633, GPU[3].SA[0].CU[0], CPIStack.Branch, 0.028205128205
1634, GPU[3].SA[0].CU[0], CPIStack.Idle, 0.017948717949
1635, GPU[3].SA[0].CU[0], CPIStack.Fetch, 0.540170940171
1636, GPU[3].SA[0].CU[0], CPIStack.ScalarMem, 0.334188034188
1637, GPU[3].SA[0].CU[0], CPIStack.VMem, 8.747435897436
1638, GPU[3].SA[0].CU[0], CPIStack.ScalarInst, 0.203418803419
1639, GPU[3].SA[0].CU[0], CPIStack.Special, 0.014102564103
1640, GPU[3].SA[0].CU[0], CPIStack.VALU, 4.153846153846
1641, GPU[3].SA[0].CU[0], CPIStack.total, 14.576495726496
1642, GPU[3].SA[0].CU[0], SIMDCPIStack.total, 17.545781893004
1643, GPU[3].SA[0].CU[0], SIMDCPIStack.Fetch, 0.650205761317
1644, GPU[3].SA[0].CU[0], SIMDCPIStack.VMem, 10.529320987654
1645, GPU[3].SA[0].CU[0], SIMDCPIStack.LDS, 0.246913580247
1646, GPU[3].SA[0].CU[0], SIMDCPIStack.ScalarMemInst, 0.003086419753
1647, GPU[3].SA[0].CU[0], SIMDCPIStack.ScalarInst, 0.244855967078
1648, GPU[3].SA[0].CU[0], SIMDCPIStack.Special, 0.016975308642
1649, GPU[3].SA[0].CU[0], SIMDCPIStack.Idle, 0.021604938272
1650, GPU[3].SA[0].CU[0], SIMDCPIStack.ScalarMem, 0.402263374486
1651, GPU[3].SA[0].CU[0], SIMDCPIStack.VMemInst, 0.396090534979
1652, GPU[3].SA[0].CU[0], SIMDCPIStack.Branch, 0.033950617284
1653, GPU[3].SA[0].CU[0], SIMDCPIStack.VALU, 5.000000000000
1654, GPU[3].SA[0].CU[1], CPIStack.VALU, 4.153846153846
1655, GPU[3].SA[0].CU[1], CPIStack.VMemInst, 0.329059829060
1656, GPU[3].SA[0].CU[1], CPIStack.VMem, 8.767521367521
1657, GPU[3].SA[0].CU[1], CPIStack.ScalarMemInst, 0.002564102564
1658, GPU[3].SA[0].CU[1], CPIStack.Special, 0.014102564103
1659, GPU[3].SA[0].CU[1], CPIStack.ScalarInst, 0.203418803419
1660, GPU[3].SA[0].CU[1], CPIStack.Branch, 0.028205128205
1661, GPU[3].SA[0].CU[1], CPIStack.LDS, 0.205128205128
1662, GPU[3].SA[0].CU[1], CPIStack.total, 14.574358974359
1663, GPU[3].SA[0].CU[1], CPIStack.Idle, 0.017948717949
1664, GPU[3].SA[0].CU[1], CPIStack.Fetch, 0.517948717949
1665, GPU[3].SA[0].CU[1], CPIStack.ScalarMem, 0.334188034188
1666, GPU[3].SA[0].CU[1], SIMDCPIStack.Special, 0.016975308642
1667, GPU[3].SA[0].CU[1], SIMDCPIStack.VMemInst, 0.396090534979
1668, GPU[3].SA[0].CU[1], SIMDCPIStack.VMem, 10.553497942387
1669, GPU[3].SA[0].CU[1], SIMDCPIStack.Fetch, 0.623456790123
1670, GPU[3].SA[0].CU[1], SIMDCPIStack.ScalarMemInst, 0.003086419753
1671, GPU[3].SA[0].CU[1], SIMDCPIStack.ScalarMem, 0.402263374486
1672, GPU[3].SA[0].CU[1], SIMDCPIStack.ScalarInst, 0.244855967078
1673, GPU[3].SA[0].CU[1], SIMDCPIStack.Branch, 0.033950617284
1674, GPU[3].SA[0].CU[1], SIMDCPIStack.total, 17.543209876543
1675, GPU[3].SA[0].CU[1], SIMDCPIStack.Idle, 0.021604938272
1676, GPU[3].SA[0].CU[1], SIMDCPIStack.VALU, 5.000000000000
1677, GPU[3].SA[0].CU[1], SIMDCPIStack.LDS, 0.246913580247
1678, GPU[3].SA[0].CU[2], CPIStack.total, NaN
1679, GPU[3].SA[0].CU[2], SIMDCPIStack.total, NaN
1680, GPU[3].SA[0].CU[3], CPIStack.total, NaN
1681, GPU[3].SA[0].CU[3], SIMDCPIStack.total, NaN
1682, GPU[3].SA[1].CU[0], CPIStack.total, NaN
1683, GPU[3].SA[1].CU[0], SIMDCPIStack.total, NaN
1684, GPU[3].SA[1].CU[1], CPIStack.total, NaN
1685, GPU[3].SA[1].CU[1], SIMDCPIStack.total, NaN
1686, GPU[3].SA[1].CU[2], CPIStack.total, NaN
1687, GPU[3].SA[1].CU[2], SIMDCPIStack.total, NaN
1688, GPU[3].SA[1].CU[3], CPIStack.total, NaN
1689, GPU[3].SA[1].CU[3], SIMDCPIStack.total, NaN
1690, GPU[3].SA[2].CU[0], CPIStack.total, NaN
1691, GPU[3].SA[2].CU[0], SIMDCPIStack.total, NaN
1692, GPU[3].SA[2].CU[1], CPIStack.total, NaN
1693, GPU[3].SA[2].CU[1], SIMDCPIStack.total, NaN
1694, GPU[3].SA[2].CU[2], CPIStack.total, NaN
1695, GPU[3].SA[2].CU[2], SIMDCPIStack.total, NaN
1696, GPU[3].SA[2].CU[3], CPIStack.total, NaN
1697, GPU[3].SA[2].CU[3], SIMDCPIStack.total, NaN
1698, GPU[3].SA[3].CU[0], CPIStack.total, NaN
1699, GPU[3].SA[3].CU[0], SIMDCPIStack.total, NaN
1700, GPU[3].SA[3].CU[1], CPIStack.total, NaN
1701, GPU[3].SA[3].CU[1], SIMDCPIStack.total, NaN
1702, GPU[3].SA[3].CU[2], CPIStack.total, NaN
1703, GPU[3].SA[3].CU[2], SIMDCPIStack.total, NaN
1704, GPU[3].SA[3].CU[3], CPIStack.total, NaN
1705, GPU[3].SA[3].CU[3], SIMDCPIStack.total, NaN
1706, GPU[3].SA[4].CU[0], CPIStack.total, NaN
1707, GPU[3].SA[4].CU[0], SIMDCPIStack.total, NaN
1708, GPU[3].SA[4].CU[1], CPIStack.total, NaN
1709, GPU[3].SA[4].CU[1], SIMDCPIStack.total, NaN
1710, GPU[3].SA[4].CU[2], CPIStack.total, NaN
1711, GPU[3].SA[4].CU[2], SIMDCPIStack.total, NaN
1712, GPU[3].SA[4].CU[3], CPIStack.total, NaN
1713, GPU[3].SA[4].CU[3], SIMDCPIStack.total, NaN
1714, GPU[3].SA[5].CU[0], CPIStack.total, NaN
1715, GPU[3].SA[5].CU[0], SIMDCPIStack.total, NaN
1716, GPU[3].SA[5].CU[1], CPIStack.total, NaN
1717, GPU[3].SA[5].CU[1], SIMDCPIStack.total, NaN
1718, GPU[3].SA[5].CU[2], CPIStack.total, NaN
1719, GPU[3].SA[5].CU[2], SIMDCPIStack.total, NaN
1720, GPU[3].SA[5].CU[3], CPIStack.total, NaN
1721, GPU[3].SA[5].CU[3], SIMDCPIStack.total, NaN
1722, GPU[3].SA[6].CU[0], CPIStack.total, NaN
1723, GPU[3].SA[6].CU[0], SIMDCPIStack.total, NaN
1724, GPU[3].SA[6].CU[1], CPIStack.total, NaN
1725, GPU[3].SA[6].CU[1], SIMDCPIStack.total, NaN
1726, GPU[3].SA[6].CU[2], CPIStack.total, NaN
1727, GPU[3].SA[6].CU[2], SIMDCPIStack.total, NaN
1728, GPU[3].SA[6].CU[3], CPIStack.total, NaN
1729, GPU[3].SA[6].CU[3], SIMDCPIStack.total, NaN
1730, GPU[3].SA[7].CU[0], CPIStack.total, NaN
1731, GPU[3].SA[7].CU[0], SIMDCPIStack.total, NaN
1732, GPU[3].SA[7].CU[1], CPIStack.total, NaN
1733, GPU[3].SA[7].CU[1], SIMDCPIStack.total, NaN
1734, GPU[3].SA[7].CU[2], CPIStack.total, NaN
1735, GPU[3].SA[7].CU[2], SIMDCPIStack.total, NaN
1736, GPU[3].SA[7].CU[3], CPIStack.total, NaN
1737, GPU[3].SA[7].CU[3], SIMDCPIStack.total, NaN
1738, GPU[3].SA[8].CU[0], CPIStack.total, NaN
1739, GPU[3].SA[8].CU[0], SIMDCPIStack.total, NaN
1740, GPU[3].SA[8].CU[1], CPIStack.total, NaN
1741, GPU[3].SA[8].CU[1], SIMDCPIStack.total, NaN
1742, GPU[3].SA[8].CU[2], CPIStack.total, NaN
1743, GPU[3].SA[8].CU[2], SIMDCPIStack.total, NaN
1744, GPU[3].SA[8].CU[3], CPIStack.total, NaN
1745, GPU[3].SA[8].CU[3], SIMDCPIStack.total, NaN
1746, GPU[3].SA[9].CU[0], CPIStack.total, NaN
1747, GPU[3].SA[9].CU[0], SIMDCPIStack.total, NaN
1748, GPU[3].SA[9].CU[1], CPIStack.total, NaN
1749, GPU[3].SA[9].CU[1], SIMDCPIStack.total, NaN
1750, GPU[3].SA[9].CU[2], CPIStack.total, NaN
1751, GPU[3].SA[9].CU[2], SIMDCPIStack.total, NaN
1752, GPU[3].SA[9].CU[3], CPIStack.total, NaN
1753, GPU[3].SA[9].CU[3], SIMDCPIStack.total, NaN
1754, GPU[3].SA[10].CU[0], CPIStack.total, NaN
1755, GPU[3].SA[10].CU[0], SIMDCPIStack.total, NaN
1756, GPU[3].SA[10].CU[1], CPIStack.total, NaN
1757, GPU[3].SA[10].CU[1], SIMDCPIStack.total, NaN
1758, GPU[3].SA[10].CU[2], CPIStack.total, NaN
1759, GPU[3].SA[10].CU[2], SIMDCPIStack.total, NaN
1760, GPU[3].SA[10].CU[3], CPIStack.total, NaN
1761, GPU[3].SA[10].CU[3], SIMDCPIStack.total, NaN
1762, GPU[3].SA[11].CU[0], CPIStack.total, NaN
1763, GPU[3].SA[11].CU[0], SIMDCPIStack.total, NaN
1764, GPU[3].SA[11].CU[1], CPIStack.total, NaN
1765, GPU[3].SA[11].CU[1], SIMDCPIStack.total, NaN
1766, GPU[3].SA[11].CU[2], CPIStack.total, NaN
1767, GPU[3].SA[11].CU[2], SIMDCPIStack.total, NaN
1768, GPU[3].SA[11].CU[3], CPIStack.total, NaN
1769, GPU[3].SA[11].CU[3], SIMDCPIStack.total, NaN
1770, GPU[3].SA[12].CU[0], CPIStack.total, NaN
1771, GPU[3].SA[12].CU[0], SIMDCPIStack.total, NaN
1772, GPU[3].SA[12].CU[1], CPIStack.total, NaN
1773, GPU[3].SA[12].CU[1], SIMDCPIStack.total, NaN
1774, GPU[3].SA[12].CU[2], CPIStack.total, NaN
1775, GPU[3].SA[12].CU[2], SIMDCPIStack.total, NaN
1776, GPU[3].SA[12].CU[3], CPIStack.total, NaN
1777, GPU[3].SA[12].CU[3], SIMDCPIStack.total, NaN
1778, GPU[3].SA[13].CU[0], CPIStack.total, NaN
1779, GPU[3].SA[13].CU[0], SIMDCPIStack.total, NaN
1780, GPU[3].SA[13].CU[1], CPIStack.total, NaN
1781, GPU[3].SA[13].CU[1], SIMDCPIStack.total, NaN
1782, GPU[3].SA[13].CU[2], CPIStack.total, NaN
1783, GPU[3].SA[13].CU[2], SIMDCPIStack.total, NaN
1784, GPU[3].SA[13].CU[3], CPIStack.total, NaN
1785, GPU[3].SA[13].CU[3], SIMDCPIStack.total, NaN
1786, GPU[3].SA[14].CU[0], CPIStack.total, NaN
1787, GPU[3].SA[14].CU[0], SIMDCPIStack.total, NaN
1788, GPU[3].SA[14].CU[1], CPIStack.total, NaN
1789, GPU[3].SA[14].CU[1], SIMDCPIStack.total, NaN
1790, GPU[3].SA[14].CU[2], CPIStack.total, NaN
1791, GPU[3].SA[14].CU[2], SIMDCPIStack.total, NaN
1792, GPU[3].SA[14].CU[3], CPIStack.total, NaN
1793, GPU[3].SA[14].CU[3], SIMDCPIStack.total, NaN
1794, GPU[3].SA[15].CU[0], CPIStack.total, NaN
1795, GPU[3].SA[15].CU[0], SIMDCPIStack.total, NaN
1796, GPU[3].SA[15].CU[1], CPIStack.total, NaN
1797, GPU[3].SA[15].CU[1], SIMDCPIStack.total, NaN
1798, GPU[3].SA[15].CU[2], CPIStack.total, NaN
1799, GPU[3].SA[15].CU[2], SIMDCPIStack.total, NaN
1800, GPU[3].SA[15].CU[3], CPIStack.total, NaN
1801, GPU[3].SA[15].CU[3], SIMDCPIStack.total, NaN
1802, GPU[4].SA[0].CU[0], CPIStack.LDS, 0.205128205128
1803, GPU[4].SA[0].CU[0], CPIStack.total, 14.600427350427
1804, GPU[4].SA[0].CU[0], CPIStack.ScalarInst, 0.203418803419
1805, GPU[4].SA[0].CU[0], CPIStack.Special, 0.014102564103
1806, GPU[4].SA[0].CU[0], CPIStack.ScalarMem, 0.334188034188
1807, GPU[4].SA[0].CU[0], CPIStack.VMem, 8.771367521368
1808, GPU[4].SA[0].CU[0], CPIStack.VALU, 4.153846153846
1809, GPU[4].SA[0].CU[0], CPIStack.Fetch, 0.540170940171
1810, GPU[4].SA[0].CU[0], CPIStack.VMemInst, 0.329059829060
1811, GPU[4].SA[0].CU[0], CPIStack.Branch, 0.028205128205
1812, GPU[4].SA[0].CU[0], CPIStack.Idle, 0.017948717949
1813, GPU[4].SA[0].CU[0], CPIStack.ScalarMemInst, 0.002564102564
1814, GPU[4].SA[0].CU[0], SIMDCPIStack.total, 17.574588477366
1815, GPU[4].SA[0].CU[0], SIMDCPIStack.Idle, 0.021604938272
1816, GPU[4].SA[0].CU[0], SIMDCPIStack.VALU, 5.000000000000
1817, GPU[4].SA[0].CU[0], SIMDCPIStack.Fetch, 0.650205761317
1818, GPU[4].SA[0].CU[0], SIMDCPIStack.ScalarInst, 0.244855967078
1819, GPU[4].SA[0].CU[0], SIMDCPIStack.Special, 0.016975308642
1820, GPU[4].SA[0].CU[0], SIMDCPIStack.VMemInst, 0.396090534979
1821, GPU[4].SA[0].CU[0], SIMDCPIStack.Branch, 0.033950617284
1822, GPU[4].SA[0].CU[0], SIMDCPIStack.ScalarMemInst, 0.003086419753
1823, GPU[4].SA[0].CU[0], SIMDCPIStack.ScalarMem, 0.402263374486
1824, GPU[4].SA[0].CU[0], SIMDCPIStack.VMem, 10.558127572016
1825, GPU[4].SA[0].CU[0], SIMDCPIStack.LDS, 0.246913580247
1826, GPU[4].SA[0].CU[1], CPIStack.total, 14.598290598291
1827, GPU[4].SA[0].CU[1], CPIStack.ScalarMem, 0.334188034188
1828, GPU[4].SA[0].CU[1], CPIStack.Fetch, 0.522222222222
1829, GPU[4].SA[0].CU[1], CPIStack.LDS, 0.205128205128
1830, GPU[4].SA[0].CU[1], CPIStack.VMemInst, 0.329059829060
1831, GPU[4].SA[0].CU[1], CPIStack.Special, 0.014102564103
1832, GPU[4].SA[0].CU[1], CPIStack.VMem, 8.787179487179
1833, GPU[4].SA[0].CU[1], CPIStack.Idle, 0.017948717949
1834, GPU[4].SA[0].CU[1], CPIStack.ScalarMemInst, 0.002564102564
1835, GPU[4].SA[0].CU[1], CPIStack.Branch, 0.028205128205
1836, GPU[4].SA[0].CU[1], CPIStack.ScalarInst, 0.203418803419
1837, GPU[4].SA[0].CU[1], CPIStack.VALU, 4.153846153846
1838, GPU[4].SA[0].CU[1], SIMDCPIStack.VMemInst, 0.396090534979
1839, GPU[4].SA[0].CU[1], SIMDCPIStack.Branch, 0.033950617284
1840, GPU[4].SA[0].CU[1], SIMDCPIStack.ScalarMemInst, 0.003086419753
1841, GPU[4].SA[0].CU[1], SIMDCPIStack.ScalarMem, 0.402263374486
1842, GPU[4].SA[0].CU[1], SIMDCPIStack.VMem, 10.577160493827
1843, GPU[4].SA[0].CU[1], SIMDCPIStack.total, 17.572016460905
1844, GPU[4].SA[0].CU[1], SIMDCPIStack.LDS, 0.246913580247
1845, GPU[4].SA[0].CU[1], SIMDCPIStack.ScalarInst, 0.244855967078
1846, GPU[4].SA[0].CU[1], SIMDCPIStack.VALU, 5.000000000000
1847, GPU[4].SA[0].CU[1], SIMDCPIStack.Special, 0.016975308642
1848, GPU[4].SA[0].CU[1], SIMDCPIStack.Idle, 0.021604938272
1849, GPU[4].SA[0].CU[1], SIMDCPIStack.Fetch, 0.628600823045
1850, GPU[4].SA[0].CU[2], CPIStack.total, NaN
1851, GPU[4].SA[0].CU[2], SIMDCPIStack.total, NaN
1852, GPU[4].SA[0].CU[3], CPIStack.total, NaN
1853, GPU[4].SA[0].CU[3], SIMDCPIStack.total, NaN
1854, GPU[4].SA[1].CU[0], CPIStack.total, NaN
1855, GPU[4].SA[1].CU[0], SIMDCPIStack.total, NaN
1856, GPU[4].SA[1].CU[1], CPIStack.total, NaN
1857, GPU[4].SA[1].CU[1], SIMDCPIStack.total, NaN
1858, GPU[4].SA[1].CU[2], CPIStack.total, NaN
1859, GPU[4].SA[1].CU[2], SIMDCPIStack.total, NaN
1860, GPU[4].SA[1].CU[3], CPIStack.total, NaN
1861, GPU[4].SA[1].CU[3], SIMDCPIStack.total, NaN
1862, GPU[4].SA[2].CU[0], CPIStack.total, NaN
1863, GPU[4].SA[2].CU[0], SIMDCPIStack.total, NaN
1864, GPU[4].SA[2].CU[1], CPIStack.total, NaN
1865, GPU[4].SA[2].CU[1], SIMDCPIStack.total, NaN
1866, GPU[4].SA[2].CU[2], CPIStack.total, NaN
1867, GPU[4].SA[2].CU[2], SIMDCPIStack.total, NaN
1868, GPU[4].SA[2].CU[3], CPIStack.total, NaN
1869, GPU[4].SA[2].CU[3], SIMDCPIStack.total, NaN
1870, GPU[4].SA[3].CU[0], CPIStack.total, NaN
1871, GPU[4].SA[3].CU[0], SIMDCPIStack.total, NaN
1872, GPU[4].SA[3].CU[1], CPIStack.total, NaN
1873, GPU[4].SA[3].CU[1], SIMDCPIStack.total, NaN
1874, GPU[4].SA[3].CU[2], CPIStack.total, NaN
1875, GPU[4].SA[3].CU[2], SIMDCPIStack.total, NaN
1876, GPU[4].SA[3].CU[3], CPIStack.total, NaN
1877, GPU[4].SA[3].CU[3], SIMDCPIStack.total, NaN
1878, GPU[4].SA[4].CU[0], CPIStack.total, NaN
1879, GPU[4].SA[4].CU[0], SIMDCPIStack.total, NaN
1880, GPU[4].SA[4].CU[1], CPIStack.total, NaN
1881, GPU[4].SA[4].CU[1], SIMDCPIStack.total, NaN
1882, GPU[4].SA[4].CU[2], CPIStack.total, NaN
1883, GPU[4].SA[4].CU[2], SIMDCPIStack.total, NaN
1884, GPU[4].SA[4].CU[3], CPIStack.total, NaN
1885, GPU[4].SA[4].CU[3], SIMDCPIStack.total, NaN
1886, GPU[4].SA[5].CU[0], CPIStack.total, NaN
1887, GPU[4].SA[5].CU[0], SIMDCPIStack.total, NaN
1888, GPU[4].SA[5].CU[1], CPIStack.total, NaN
1889, GPU[4].SA[5].CU[1], SIMDCPIStack.total, NaN
1890, GPU[4].SA[5].CU[2], CPIStack.total, NaN
1891, GPU[4].SA[5].CU[2], SIMDCPIStack.total, NaN
1892, GPU[4].SA[5].CU[3], CPIStack.total, NaN
1893, GPU[4].SA[5].CU[3], SIMDCPIStack.total, NaN
1894, GPU[4].SA[6].CU[0], CPIStack.total, NaN
1895, GPU[4].SA[6].CU[0], SIMDCPIStack.total, NaN
1896, GPU[4].SA[6].CU[1], CPIStack.total, NaN
1897, GPU[4].SA[6].CU[1], SIMDCPIStack.total, NaN
1898, GPU[4].SA[6].CU[2], CPIStack.total, NaN
1899, GPU[4].SA[6].CU[2], SIMDCPIStack.total, NaN
1900, GPU[4].SA[6].CU[3], CPIStack.total, NaN
1901, GPU[4].SA[6].CU[3], SIMDCPIStack.total, NaN
1902, GPU[4].SA[7].CU[0], CPIStack.total, NaN
1903, GPU[4].SA[7].CU[0], SIMDCPIStack.total, NaN
1904, GPU[4].SA[7].CU[1], CPIStack.total, NaN
1905, GPU[4].SA[7].CU[1], SIMDCPIStack.total, NaN
1906, GPU[4].SA[7].CU[2], CPIStack.total, NaN
1907, GPU[4].SA[7].CU[2], SIMDCPIStack.total, NaN
1908, GPU[4].SA[7].CU[3], CPIStack.total, NaN
1909, GPU[4].SA[7].CU[3], SIMDCPIStack.total, NaN
1910, GPU[4].SA[8].CU[0], CPIStack.total, NaN
1911, GPU[4].SA[8].CU[0], SIMDCPIStack.total, NaN
1912, GPU[4].SA[8].CU[1], CPIStack.total, NaN
1913, GPU[4].SA[8].CU[1], SIMDCPIStack.total, NaN
1914, GPU[4].SA[8].CU[2], CPIStack.total, NaN
1915, GPU[4].SA[8].CU[2], SIMDCPIStack.total, NaN
1916, GPU[4].SA[8].CU[3], CPIStack.total, NaN
1917, GPU[4].SA[8].CU[3], SIMDCPIStack.total, NaN
1918, GPU[4].SA[9].CU[0], CPIStack.total, NaN
1919, GPU[4].SA[9].CU[0], SIMDCPIStack.total, NaN
1920, GPU[4].SA[9].CU[1], CPIStack.total, NaN
1921, GPU[4].SA[9].CU[1], SIMDCPIStack.total, NaN
1922, GPU[4].SA[9].CU[2], CPIStack.total, NaN
1923, GPU[4].SA[9].CU[2], SIMDCPIStack.total, NaN
1924, GPU[4].SA[9].CU[3], CPIStack.total, NaN
1925, GPU[4].SA[9].CU[3], SIMDCPIStack.total, NaN
1926, GPU[4].SA[10].CU[0], CPIStack.total, NaN
1927, GPU[4].SA[10].CU[0], SIMDCPIStack.total, NaN
1928, GPU[4].SA[10].CU[1], CPIStack.total, NaN
1929, GPU[4].SA[10].CU[1], SIMDCPIStack.total, NaN
1930, GPU[4].SA[10].CU[2], CPIStack.total, NaN
1931, GPU[4].SA[10].CU[2], SIMDCPIStack.total, NaN
1932, GPU[4].SA[10].CU[3], CPIStack.total, NaN
1933, GPU[4].SA[10].CU[3], SIMDCPIStack.total, NaN
1934, GPU[4].SA[11].CU[0], CPIStack.total, NaN
1935, GPU[4].SA[11].CU[0], SIMDCPIStack.total, NaN
1936, GPU[4].SA[11].CU[1], CPIStack.total, NaN
1937, GPU[4].SA[11].CU[1], SIMDCPIStack.total, NaN
1938, GPU[4].SA[11].CU[2], CPIStack.total, NaN
1939, GPU[4].SA[11].CU[2], SIMDCPIStack.total, NaN
1940, GPU[4].SA[11].CU[3], CPIStack.total, NaN
1941, GPU[4].SA[11].CU[3], SIMDCPIStack.total, NaN
1942, GPU[4].SA[12].CU[0], CPIStack.total, NaN
1943, GPU[4].SA[12].CU[0], SIMDCPIStack.total, NaN
1944, GPU[4].SA[12].CU[1], CPIStack.total, NaN
1945, GPU[4].SA[12].CU[1], SIMDCPIStack.total, NaN
1946, GPU[4].SA[12].CU[2], CPIStack.total, NaN
1947, GPU[4].SA[12].CU[2], SIMDCPIStack.total, NaN
1948, GPU[4].SA[12].CU[3], CPIStack.total, NaN
1949, GPU[4].SA[12].CU[3], SIMDCPIStack.total, NaN
1950, GPU[4].SA[13].CU[0], CPIStack.total, NaN
1951, GPU[4].SA[13].CU[0], SIMDCPIStack.total, NaN
1952, GPU[4].SA[13].CU[1], CPIStack.total, NaN
1953, GPU[4].SA[13].CU[1], SIMDCPIStack.total, NaN
1954, GPU[4].SA[13].CU[2], CPIStack.total, NaN
1955, GPU[4].SA[13].CU[2], SIMDCPIStack.total, NaN
1956, GPU[4].SA[13].CU[3], CPIStack.total, NaN
1957, GPU[4].SA[13].CU[3], SIMDCPIStack.total, NaN
1958, GPU[4].SA[14].CU[0], CPIStack.total, NaN
1959, GPU[4].SA[14].CU[0], SIMDCPIStack.total, NaN
1960, GPU[4].SA[14].CU[1], CPIStack.total, NaN
1961, GPU[4].SA[14].CU[1], SIMDCPIStack.total, NaN
1962, GPU[4].SA[14].CU[2], CPIStack.total, NaN
1963, GPU[4].SA[14].CU[2], SIMDCPIStack.total, NaN
1964, GPU[4].SA[14].CU[3], CPIStack.total, NaN
1965, GPU[4].SA[14].CU[3], SIMDCPIStack.total, NaN
1966, GPU[4].SA[15].CU[0], CPIStack.total, NaN
1967, GPU[4].SA[15].CU[0], SIMDCPIStack.total, NaN
1968, GPU[4].SA[15].CU[1], CPIStack.total, NaN
1969, GPU[4].SA[15].CU[1], SIMDCPIStack.total, NaN
1970, GPU[4].SA[15].CU[2], CPIStack.total, NaN
1971, GPU[4].SA[15].CU[2], SIMDCPIStack.total, NaN
1972, GPU[4].SA[15].CU[3], CPIStack.total, NaN
1973, GPU[4].SA[15].CU[3], SIMDCPIStack.total, NaN
1974, GPU[1].SA[0].CU[0].SIMD0, busy_time, 0.000007776000
1975, GPU[1].SA[0].CU[0].SIMD1, busy_time, 0.000000000000
1976, GPU[1].SA[0].CU[0].SIMD2, busy_time, 0.000000000000
1977, GPU[1].SA[0].CU[0].SIMD3, busy_time, 0.000000000000
1978, GPU[1].SA[0].CU[1].SIMD0, busy_time, 0.000007776000
1979, GPU[1].SA[0].CU[1].SIMD1, busy_time, 0.000000000000
1980, GPU[1].SA[0].CU[1].SIMD2, busy_time, 0.000000000000
1981, GPU[1].SA[0].CU[1].SIMD3, busy_time, 0.000000000000
1982, GPU[1].SA[0].CU[2].SIMD0, busy_time, 0.000000000000
1983, GPU[1].SA[0].CU[2].SIMD1, busy_time, 0.000000000000
1984, GPU[1].SA[0].CU[2].SIMD2, busy_time, 0.000000000000
1985, GPU[1].SA[0].CU[2].SIMD3, busy_time, 0.000000000000
1986, GPU[1].SA[0].CU[3].SIMD0, busy_time, 0.000000000000
1987, GPU[1].SA[0].CU[3].SIMD1, busy_time, 0.000000000000
1988, GPU[1].SA[0].CU[3].SIMD2, busy_time, 0.000000000000
1989, GPU[1].SA[0].CU[3].SIMD3, busy_time, 0.000000000000
1990, GPU[1].SA[1].CU[0].SIMD0, busy_time, 0.000000000000
1991, GPU[1].SA[1].CU[0].SIMD1, busy_time, 0.000000000000
1992, GPU[1].SA[1].CU[0].SIMD2, busy_time, 0.000000000000
1993, GPU[1].SA[1].CU[0].SIMD3, busy_time, 0.000000000000
1994, GPU[1].SA[1].CU[1].SIMD0, busy_time, 0.000000000000
1995, GPU[1].SA[1].CU[1].SIMD1, busy_time, 0.000000000000
1996, GPU[1].SA[1].CU[1].SIMD2, busy_time, 0.000000000000
1997, GPU[1].SA[1].CU[1].SIMD3, busy_time, 0.000000000000
1998, GPU[1].SA[1].CU[2].SIMD0, busy_time, 0.000000000000
1999, GPU[1].SA[1].CU[2].SIMD1, busy_time, 0.000000000000
2000, GPU[1].SA[1].CU[2].SIMD2, busy_time, 0.000000000000
2001, GPU[1].SA[1].CU[2].SIMD3, busy_time, 0.000000000000
2002, GPU[1].SA[1].CU[3].SIMD0, busy_time, 0.000000000000
2003, GPU[1].SA[1].CU[3].SIMD1, busy_time, 0.000000000000
2004, GPU[1].SA[1].CU[3].SIMD2, busy_time, 0.000000000000
2005, GPU[1].SA[1].CU[3].SIMD3, busy_time, 0.000000000000
2006, GPU[1].SA[2].CU[0].SIMD0, busy_time, 0.000000000000
2007, GPU[1].SA[2].CU[0].SIMD1, busy_time, 0.000000000000
2008, GPU[1].SA[2].CU[0].SIMD2, busy_time, 0.000000000000
2009, GPU[1].SA[2].CU[0].SIMD3, busy_time, 0.000000000000
2010, GPU[1].SA[2].CU[1].SIMD0, busy_time, 0.000000000000
2011, GPU[1].SA[2].CU[1].SIMD1, busy_time, 0.000000000000
2012, GPU[1].SA[2].CU[1].SIMD2, busy_time, 0.000000000000
2013, GPU[1].SA[2].CU[1].SIMD3, busy_time, 0.000000000000
2014, GPU[1].SA[2].CU[2].SIMD0, busy_time, 0.000000000000
2015, GPU[1].SA[2].CU[2].SIMD1, busy_time, 0.000000000000
2016, GPU[1].SA[2].CU[2].SIMD2, busy_time, 0.000000000000
2017, GPU[1].SA[2].CU[2].SIMD3, busy_time, 0.000000000000
2018, GPU[1].SA[2].CU[3].SIMD0, busy_time, 0.000000000000
2019, GPU[1].SA[2].CU[3].SIMD1, busy_time, 0.000000000000
2020, GPU[1].SA[2].CU[3].SIMD2, busy_time, 0.000000000000
2021, GPU[1].SA[2].CU[3].SIMD3, busy_time, 0.000000000000
2022, GPU[1].SA[3].CU[0].SIMD0, busy_time, 0.000000000000
2023, GPU[1].SA[3].CU[0].SIMD1, busy_time, 0.000000000000
2024, GPU[1].SA[3].CU[0].SIMD2, busy_time, 0.000000000000
2025, GPU[1].SA[3].CU[0].SIMD3, busy_time, 0.000000000000
2026, GPU[1].SA[3].CU[1].SIMD0, busy_time, 0.000000000000
2027, GPU[1].SA[3].CU[1].SIMD1, busy_time, 0.000000000000
2028, GPU[1].SA[3].CU[1].SIMD2, busy_time, 0.000000000000
2029, GPU[1].SA[3].CU[1].SIMD3, busy_time, 0.000000000000
2030, GPU[1].SA[3].CU[2].SIMD0, busy_time, 0.000000000000
2031, GPU[1].SA[3].CU[2].SIMD1, busy_time, 0.000000000000
2032, GPU[1].SA[3].CU[2].SIMD2, busy_time, 0.000000000000
2033, GPU[1].SA[3].CU[2].SIMD3, busy_time, 0.000000000000
2034, GPU[1].SA[3].CU[3].SIMD0, busy_time, 0.000000000000
2035, GPU[1].SA[3].CU[3].SIMD1, busy_time, 0.000000000000
2036, GPU[1].SA[3].CU[3].SIMD2, busy_time, 0.000000000000
2037, GPU[1].SA[3].CU[3].SIMD3, busy_time, 0.000000000000
2038, GPU[1].SA[4].CU[0].SIMD0, busy_time, 0.000000000000
2039, GPU[1].SA[4].CU[0].SIMD1, busy_time, 0.000000000000
2040, GPU[1].SA[4].CU[0].SIMD2, busy_time, 0.000000000000
2041, GPU[1].SA[4].CU[0].SIMD3, busy_time, 0.000000000000
2042, GPU[1].SA[4].CU[1].SIMD0, busy_time, 0.000000000000
2043, GPU[1].SA[4].CU[1].SIMD1, busy_time, 0.000000000000
2044, GPU[1].SA[4].CU[1].SIMD2, busy_time, 0.000000000000
2045, GPU[1].SA[4].CU[1].SIMD3, busy_time, 0.000000000000
2046, GPU[1].SA[4].CU[2].SIMD0, busy_time, 0.000000000000
2047, GPU[1].SA[4].CU[2].SIMD1, busy_time, 0.000000000000
2048, GPU[1].SA[4].CU[2].SIMD2, busy_time, 0.000000000000
2049, GPU[1].SA[4].CU[2].SIMD3, busy_time, 0.000000000000
2050, GPU[1].SA[4].CU[3].SIMD0, busy_time, 0.000000000000
2051, GPU[1].SA[4].CU[3].SIMD1, busy_time, 0.000000000000
2052, GPU[1].SA[4].CU[3].SIMD2, busy_time, 0.000000000000
2053, GPU[1].SA[4].CU[3].SIMD3, busy_time, 0.000000000000
2054, GPU[1].SA[5].CU[0].SIMD0, busy_time, 0.000000000000
2055, GPU[1].SA[5].CU[0].SIMD1, busy_time, 0.000000000000
2056, GPU[1].SA[5].CU[0].SIMD2, busy_time, 0.000000000000
2057, GPU[1].SA[5].CU[0].SIMD3, busy_time, 0.000000000000
2058, GPU[1].SA[5].CU[1].SIMD0, busy_time, 0.000000000000
2059, GPU[1].SA[5].CU[1].SIMD1, busy_time, 0.000000000000
2060, GPU[1].SA[5].CU[1].SIMD2, busy_time, 0.000000000000
2061, GPU[1].SA[5].CU[1].SIMD3, busy_time, 0.000000000000
2062, GPU[1].SA[5].CU[2].SIMD0, busy_time, 0.000000000000
2063, GPU[1].SA[5].CU[2].SIMD1, busy_time, 0.000000000000
2064, GPU[1].SA[5].CU[2].SIMD2, busy_time, 0.000000000000
2065, GPU[1].SA[5].CU[2].SIMD3, busy_time, 0.000000000000
2066, GPU[1].SA[5].CU[3].SIMD0, busy_time, 0.000000000000
2067, GPU[1].SA[5].CU[3].SIMD1, busy_time, 0.000000000000
2068, GPU[1].SA[5].CU[3].SIMD2, busy_time, 0.000000000000
2069, GPU[1].SA[5].CU[3].SIMD3, busy_time, 0.000000000000
2070, GPU[1].SA[6].CU[0].SIMD0, busy_time, 0.000000000000
2071, GPU[1].SA[6].CU[0].SIMD1, busy_time, 0.000000000000
2072, GPU[1].SA[6].CU[0].SIMD2, busy_time, 0.000000000000
2073, GPU[1].SA[6].CU[0].SIMD3, busy_time, 0.000000000000
2074, GPU[1].SA[6].CU[1].SIMD0, busy_time, 0.000000000000
2075, GPU[1].SA[6].CU[1].SIMD1, busy_time, 0.000000000000
2076, GPU[1].SA[6].CU[1].SIMD2, busy_time, 0.000000000000
2077, GPU[1].SA[6].CU[1].SIMD3, busy_time, 0.000000000000
2078, GPU[1].SA[6].CU[2].SIMD0, busy_time, 0.000000000000
2079, GPU[1].SA[6].CU[2].SIMD1, busy_time, 0.000000000000
2080, GPU[1].SA[6].CU[2].SIMD2, busy_time, 0.000000000000
2081, GPU[1].SA[6].CU[2].SIMD3, busy_time, 0.000000000000
2082, GPU[1].SA[6].CU[3].SIMD0, busy_time, 0.000000000000
2083, GPU[1].SA[6].CU[3].SIMD1, busy_time, 0.000000000000
2084, GPU[1].SA[6].CU[3].SIMD2, busy_time, 0.000000000000
2085, GPU[1].SA[6].CU[3].SIMD3, busy_time, 0.000000000000
2086, GPU[1].SA[7].CU[0].SIMD0, busy_time, 0.000000000000
2087, GPU[1].SA[7].CU[0].SIMD1, busy_time, 0.000000000000
2088, GPU[1].SA[7].CU[0].SIMD2, busy_time, 0.000000000000
2089, GPU[1].SA[7].CU[0].SIMD3, busy_time, 0.000000000000
2090, GPU[1].SA[7].CU[1].SIMD0, busy_time, 0.000000000000
2091, GPU[1].SA[7].CU[1].SIMD1, busy_time, 0.000000000000
2092, GPU[1].SA[7].CU[1].SIMD2, busy_time, 0.000000000000
2093, GPU[1].SA[7].CU[1].SIMD3, busy_time, 0.000000000000
2094, GPU[1].SA[7].CU[2].SIMD0, busy_time, 0.000000000000
2095, GPU[1].SA[7].CU[2].SIMD1, busy_time, 0.000000000000
2096, GPU[1].SA[7].CU[2].SIMD2, busy_time, 0.000000000000
2097, GPU[1].SA[7].CU[2].SIMD3, busy_time, 0.000000000000
2098, GPU[1].SA[7].CU[3].SIMD0, busy_time, 0.000000000000
2099, GPU[1].SA[7].CU[3].SIMD1, busy_time, 0.000000000000
2100, GPU[1].SA[7].CU[3].SIMD2, busy_time, 0.000000000000
2101, GPU[1].SA[7].CU[3].SIMD3, busy_time, 0.000000000000
2102, GPU[1].SA[8].CU[0].SIMD0, busy_time, 0.000000000000
2103, GPU[1].SA[8].CU[0].SIMD1, busy_time, 0.000000000000
2104, GPU[1].SA[8].CU[0].SIMD2, busy_time, 0.000000000000
2105, GPU[1].SA[8].CU[0].SIMD3, busy_time, 0.000000000000
2106, GPU[1].SA[8].CU[1].SIMD0, busy_time, 0.000000000000
2107, GPU[1].SA[8].CU[1].SIMD1, busy_time, 0.000000000000
2108, GPU[1].SA[8].CU[1].SIMD2, busy_time, 0.000000000000
2109, GPU[1].SA[8].CU[1].SIMD3, busy_time, 0.000000000000
2110, GPU[1].SA[8].CU[2].SIMD0, busy_time, 0.000000000000
2111, GPU[1].SA[8].CU[2].SIMD1, busy_time, 0.000000000000
2112, GPU[1].SA[8].CU[2].SIMD2, busy_time, 0.000000000000
2113, GPU[1].SA[8].CU[2].SIMD3, busy_time, 0.000000000000
2114, GPU[1].SA[8].CU[3].SIMD0, busy_time, 0.000000000000
2115, GPU[1].SA[8].CU[3].SIMD1, busy_time, 0.000000000000
2116, GPU[1].SA[8].CU[3].SIMD2, busy_time, 0.000000000000
2117, GPU[1].SA[8].CU[3].SIMD3, busy_time, 0.000000000000
2118, GPU[1].SA[9].CU[0].SIMD0, busy_time, 0.000000000000
2119, GPU[1].SA[9].CU[0].SIMD1, busy_time, 0.000000000000
2120, GPU[1].SA[9].CU[0].SIMD2, busy_time, 0.000000000000
2121, GPU[1].SA[9].CU[0].SIMD3, busy_time, 0.000000000000
2122, GPU[1].SA[9].CU[1].SIMD0, busy_time, 0.000000000000
2123, GPU[1].SA[9].CU[1].SIMD1, busy_time, 0.000000000000
2124, GPU[1].SA[9].CU[1].SIMD2, busy_time, 0.000000000000
2125, GPU[1].SA[9].CU[1].SIMD3, busy_time, 0.000000000000
2126, GPU[1].SA[9].CU[2].SIMD0, busy_time, 0.000000000000
2127, GPU[1].SA[9].CU[2].SIMD1, busy_time, 0.000000000000
2128, GPU[1].SA[9].CU[2].SIMD2, busy_time, 0.000000000000
2129, GPU[1].SA[9].CU[2].SIMD3, busy_time, 0.000000000000
2130, GPU[1].SA[9].CU[3].SIMD0, busy_time, 0.000000000000
2131, GPU[1].SA[9].CU[3].SIMD1, busy_time, 0.000000000000
2132, GPU[1].SA[9].CU[3].SIMD2, busy_time, 0.000000000000
2133, GPU[1].SA[9].CU[3].SIMD3, busy_time, 0.000000000000
2134, GPU[1].SA[10].CU[0].SIMD0, busy_time, 0.000000000000
2135, GPU[1].SA[10].CU[0].SIMD1, busy_time, 0.000000000000
2136, GPU[1].SA[10].CU[0].SIMD2, busy_time, 0.000000000000
2137, GPU[1].SA[10].CU[0].SIMD3, busy_time, 0.000000000000
2138, GPU[1].SA[10].CU[1].SIMD0, busy_time, 0.000000000000
2139, GPU[1].SA[10].CU[1].SIMD1, busy_time, 0.000000000000
2140, GPU[1].SA[10].CU[1].SIMD2, busy_time, 0.000000000000
2141, GPU[1].SA[10].CU[1].SIMD3, busy_time, 0.000000000000
2142, GPU[1].SA[10].CU[2].SIMD0, busy_time, 0.000000000000
2143, GPU[1].SA[10].CU[2].SIMD1, busy_time, 0.000000000000
2144, GPU[1].SA[10].CU[2].SIMD2, busy_time, 0.000000000000
2145, GPU[1].SA[10].CU[2].SIMD3, busy_time, 0.000000000000
2146, GPU[1].SA[10].CU[3].SIMD0, busy_time, 0.000000000000
2147, GPU[1].SA[10].CU[3].SIMD1, busy_time, 0.000000000000
2148, GPU[1].SA[10].CU[3].SIMD2, busy_time, 0.000000000000
2149, GPU[1].SA[10].CU[3].SIMD3, busy_time, 0.000000000000
2150, GPU[1].SA[11].CU[0].SIMD0, busy_time, 0.000000000000
2151, GPU[1].SA[11].CU[0].SIMD1, busy_time, 0.000000000000
2152, GPU[1].SA[11].CU[0].SIMD2, busy_time, 0.000000000000
2153, GPU[1].SA[11].CU[0].SIMD3, busy_time, 0.000000000000
2154, GPU[1].SA[11].CU[1].SIMD0, busy_time, 0.000000000000
2155, GPU[1].SA[11].CU[1].SIMD1, busy_time, 0.000000000000
2156, GPU[1].SA[11].CU[1].SIMD2, busy_time, 0.000000000000
2157, GPU[1].SA[11].CU[1].SIMD3, busy_time, 0.000000000000
2158, GPU[1].SA[11].CU[2].SIMD0, busy_time, 0.000000000000
2159, GPU[1].SA[11].CU[2].SIMD1, busy_time, 0.000000000000
2160, GPU[1].SA[11].CU[2].SIMD2, busy_time, 0.000000000000
2161, GPU[1].SA[11].CU[2].SIMD3, busy_time, 0.000000000000
2162, GPU[1].SA[11].CU[3].SIMD0, busy_time, 0.000000000000
2163, GPU[1].SA[11].CU[3].SIMD1, busy_time, 0.000000000000
2164, GPU[1].SA[11].CU[3].SIMD2, busy_time, 0.000000000000
2165, GPU[1].SA[11].CU[3].SIMD3, busy_time, 0.000000000000
2166, GPU[1].SA[12].CU[0].SIMD0, busy_time, 0.000000000000
2167, GPU[1].SA[12].CU[0].SIMD1, busy_time, 0.000000000000
2168, GPU[1].SA[12].CU[0].SIMD2, busy_time, 0.000000000000
2169, GPU[1].SA[12].CU[0].SIMD3, busy_time, 0.000000000000
2170, GPU[1].SA[12].CU[1].SIMD0, busy_time, 0.000000000000
2171, GPU[1].SA[12].CU[1].SIMD1, busy_time, 0.000000000000
2172, GPU[1].SA[12].CU[1].SIMD2, busy_time, 0.000000000000
2173, GPU[1].SA[12].CU[1].SIMD3, busy_time, 0.000000000000
2174, GPU[1].SA[12].CU[2].SIMD0, busy_time, 0.000000000000
2175, GPU[1].SA[12].CU[2].SIMD1, busy_time, 0.000000000000
2176, GPU[1].SA[12].CU[2].SIMD2, busy_time, 0.000000000000
2177, GPU[1].SA[12].CU[2].SIMD3, busy_time, 0.000000000000
2178, GPU[1].SA[12].CU[3].SIMD0, busy_time, 0.000000000000
2179, GPU[1].SA[12].CU[3].SIMD1, busy_time, 0.000000000000
2180, GPU[1].SA[12].CU[3].SIMD2, busy_time, 0.000000000000
2181, GPU[1].SA[12].CU[3].SIMD3, busy_time, 0.000000000000
2182, GPU[1].SA[13].CU[0].SIMD0, busy_time, 0.000000000000
2183, GPU[1].SA[13].CU[0].SIMD1, busy_time, 0.000000000000
2184, GPU[1].SA[13].CU[0].SIMD2, busy_time, 0.000000000000
2185, GPU[1].SA[13].CU[0].SIMD3, busy_time, 0.000000000000
2186, GPU[1].SA[13].CU[1].SIMD0, busy_time, 0.000000000000
2187, GPU[1].SA[13].CU[1].SIMD1, busy_time, 0.000000000000
2188, GPU[1].SA[13].CU[1].SIMD2, busy_time, 0.000000000000
2189, GPU[1].SA[13].CU[1].SIMD3, busy_time, 0.000000000000
2190, GPU[1].SA[13].CU[2].SIMD0, busy_time, 0.000000000000
2191, GPU[1].SA[13].CU[2].SIMD1, busy_time, 0.000000000000
2192, GPU[1].SA[13].CU[2].SIMD2, busy_time, 0.000000000000
2193, GPU[1].SA[13].CU[2].SIMD3, busy_time, 0.000000000000
2194, GPU[1].SA[13].CU[3].SIMD0, busy_time, 0.000000000000
2195, GPU[1].SA[13].CU[3].SIMD1, busy_time, 0.000000000000
2196, GPU[1].SA[13].CU[3].SIMD2, busy_time, 0.000000000000
2197, GPU[1].SA[13].CU[3].SIMD3, busy_time, 0.000000000000
2198, GPU[1].SA[14].CU[0].SIMD0, busy_time, 0.000000000000
2199, GPU[1].SA[14].CU[0].SIMD1, busy_time, 0.000000000000
2200, GPU[1].SA[14].CU[0].SIMD2, busy_time, 0.000000000000
2201, GPU[1].SA[14].CU[0].SIMD3, busy_time, 0.000000000000
2202, GPU[1].SA[14].CU[1].SIMD0, busy_time, 0.000000000000
2203, GPU[1].SA[14].CU[1].SIMD1, busy_time, 0.000000000000
2204, GPU[1].SA[14].CU[1].SIMD2, busy_time, 0.000000000000
2205, GPU[1].SA[14].CU[1].SIMD3, busy_time, 0.000000000000
2206, GPU[1].SA[14].CU[2].SIMD0, busy_time, 0.000000000000
2207, GPU[1].SA[14].CU[2].SIMD1, busy_time, 0.000000000000
2208, GPU[1].SA[14].CU[2].SIMD2, busy_time, 0.000000000000
2209, GPU[1].SA[14].CU[2].SIMD3, busy_time, 0.000000000000
2210, GPU[1].SA[14].CU[3].SIMD0, busy_time, 0.000000000000
2211, GPU[1].SA[14].CU[3].SIMD1, busy_time, 0.000000000000
2212, GPU[1].SA[14].CU[3].SIMD2, busy_time, 0.000000000000
2213, GPU[1].SA[14].CU[3].SIMD3, busy_time, 0.000000000000
2214, GPU[1].SA[15].CU[0].SIMD0, busy_time, 0.000000000000
2215, GPU[1].SA[15].CU[0].SIMD1, busy_time, 0.000000000000
2216, GPU[1].SA[15].CU[0].SIMD2, busy_time, 0.000000000000
2217, GPU[1].SA[15].CU[0].SIMD3, busy_time, 0.000000000000
2218, GPU[1].SA[15].CU[1].SIMD0, busy_time, 0.000000000000
2219, GPU[1].SA[15].CU[1].SIMD1, busy_time, 0.000000000000
2220, GPU[1].SA[15].CU[1].SIMD2, busy_time, 0.000000000000
2221, GPU[1].SA[15].CU[1].SIMD3, busy_time, 0.000000000000
2222, GPU[1].SA[15].CU[2].SIMD0, busy_time, 0.000000000000
2223, GPU[1].SA[15].CU[2].SIMD1, busy_time, 0.000000000000
2224, GPU[1].SA[15].CU[2].SIMD2, busy_time, 0.000000000000
2225, GPU[1].SA[15].CU[2].SIMD3, busy_time, 0.000000000000
2226, GPU[1].SA[15].CU[3].SIMD0, busy_time, 0.000000000000
2227, GPU[1].SA[15].CU[3].SIMD1, busy_time, 0.000000000000
2228, GPU[1].SA[15].CU[3].SIMD2, busy_time, 0.000000000000
2229, GPU[1].SA[15].CU[3].SIMD3, busy_time, 0.000000000000
2230, GPU[2].SA[0].CU[0].SIMD0, busy_time, 0.000007776000
2231, GPU[2].SA[0].CU[0].SIMD1, busy_time, 0.000000000000
2232, GPU[2].SA[0].CU[0].SIMD2, busy_time, 0.000000000000
2233, GPU[2].SA[0].CU[0].SIMD3, busy_time, 0.000000000000
2234, GPU[2].SA[0].CU[1].SIMD0, busy_time, 0.000007776000
2235, GPU[2].SA[0].CU[1].SIMD1, busy_time, 0.000000000000
2236, GPU[2].SA[0].CU[1].SIMD2, busy_time, 0.000000000000
2237, GPU[2].SA[0].CU[1].SIMD3, busy_time, 0.000000000000
2238, GPU[2].SA[0].CU[2].SIMD0, busy_time, 0.000000000000
2239, GPU[2].SA[0].CU[2].SIMD1, busy_time, 0.000000000000
2240, GPU[2].SA[0].CU[2].SIMD2, busy_time, 0.000000000000
2241, GPU[2].SA[0].CU[2].SIMD3, busy_time, 0.000000000000
2242, GPU[2].SA[0].CU[3].SIMD0, busy_time, 0.000000000000
2243, GPU[2].SA[0].CU[3].SIMD1, busy_time, 0.000000000000
2244, GPU[2].SA[0].CU[3].SIMD2, busy_time, 0.000000000000
2245, GPU[2].SA[0].CU[3].SIMD3, busy_time, 0.000000000000
2246, GPU[2].SA[1].CU[0].SIMD0, busy_time, 0.000000000000
2247, GPU[2].SA[1].CU[0].SIMD1, busy_time, 0.000000000000
2248, GPU[2].SA[1].CU[0].SIMD2, busy_time, 0.000000000000
2249, GPU[2].SA[1].CU[0].SIMD3, busy_time, 0.000000000000
2250, GPU[2].SA[1].CU[1].SIMD0, busy_time, 0.000000000000
2251, GPU[2].SA[1].CU[1].SIMD1, busy_time, 0.000000000000
2252, GPU[2].SA[1].CU[1].SIMD2, busy_time, 0.000000000000
2253, GPU[2].SA[1].CU[1].SIMD3, busy_time, 0.000000000000
2254, GPU[2].SA[1].CU[2].SIMD0, busy_time, 0.000000000000
2255, GPU[2].SA[1].CU[2].SIMD1, busy_time, 0.000000000000
2256, GPU[2].SA[1].CU[2].SIMD2, busy_time, 0.000000000000
2257, GPU[2].SA[1].CU[2].SIMD3, busy_time, 0.000000000000
2258, GPU[2].SA[1].CU[3].SIMD0, busy_time, 0.000000000000
2259, GPU[2].SA[1].CU[3].SIMD1, busy_time, 0.000000000000
2260, GPU[2].SA[1].CU[3].SIMD2, busy_time, 0.000000000000
2261, GPU[2].SA[1].CU[3].SIMD3, busy_time, 0.000000000000
2262, GPU[2].SA[2].CU[0].SIMD0, busy_time, 0.000000000000
2263, GPU[2].SA[2].CU[0].SIMD1, busy_time, 0.000000000000
2264, GPU[2].SA[2].CU[0].SIMD2, busy_time, 0.000000000000
2265, GPU[2].SA[2].CU[0].SIMD3, busy_time, 0.000000000000
2266, GPU[2].SA[2].CU[1].SIMD0, busy_time, 0.000000000000
2267, GPU[2].SA[2].CU[1].SIMD1, busy_time, 0.000000000000
2268, GPU[2].SA[2].CU[1].SIMD2, busy_time, 0.000000000000
2269, GPU[2].SA[2].CU[1].SIMD3, busy_time, 0.000000000000
2270, GPU[2].SA[2].CU[2].SIMD0, busy_time, 0.000000000000
2271, GPU[2].SA[2].CU[2].SIMD1, busy_time, 0.000000000000
2272, GPU[2].SA[2].CU[2].SIMD2, busy_time, 0.000000000000
2273, GPU[2].SA[2].CU[2].SIMD3, busy_time, 0.000000000000
2274, GPU[2].SA[2].CU[3].SIMD0, busy_time, 0.000000000000
2275, GPU[2].SA[2].CU[3].SIMD1, busy_time, 0.000000000000
2276, GPU[2].SA[2].CU[3].SIMD2, busy_time, 0.000000000000
2277, GPU[2].SA[2].CU[3].SIMD3, busy_time, 0.000000000000
2278, GPU[2].SA[3].CU[0].SIMD0, busy_time, 0.000000000000
2279, GPU[2].SA[3].CU[0].SIMD1, busy_time, 0.000000000000
2280, GPU[2].SA[3].CU[0].SIMD2, busy_time, 0.000000000000
2281, GPU[2].SA[3].CU[0].SIMD3, busy_time, 0.000000000000
2282, GPU[2].SA[3].CU[1].SIMD0, busy_time, 0.000000000000
2283, GPU[2].SA[3].CU[1].SIMD1, busy_time, 0.000000000000
2284, GPU[2].SA[3].CU[1].SIMD2, busy_time, 0.000000000000
2285, GPU[2].SA[3].CU[1].SIMD3, busy_time, 0.000000000000
2286, GPU[2].SA[3].CU[2].SIMD0, busy_time, 0.000000000000
2287, GPU[2].SA[3].CU[2].SIMD1, busy_time, 0.000000000000
2288, GPU[2].SA[3].CU[2].SIMD2, busy_time, 0.000000000000
2289, GPU[2].SA[3].CU[2].SIMD3, busy_time, 0.000000000000
2290, GPU[2].SA[3].CU[3].SIMD0, busy_time, 0.000000000000
2291, GPU[2].SA[3].CU[3].SIMD1, busy_time, 0.000000000000
2292, GPU[2].SA[3].CU[3].SIMD2, busy_time, 0.000000000000
2293, GPU[2].SA[3].CU[3].SIMD3, busy_time, 0.000000000000
2294, GPU[2].SA[4].CU[0].SIMD0, busy_time, 0.000000000000
2295, GPU[2].SA[4].CU[0].SIMD1, busy_time, 0.000000000000
2296, GPU[2].SA[4].CU[0].SIMD2, busy_time, 0.000000000000
2297, GPU[2].SA[4].CU[0].SIMD3, busy_time, 0.000000000000
2298, GPU[2].SA[4].CU[1].SIMD0, busy_time, 0.000000000000
2299, GPU[2].SA[4].CU[1].SIMD1, busy_time, 0.000000000000
2300, GPU[2].SA[4].CU[1].SIMD2, busy_time, 0.000000000000
2301, GPU[2].SA[4].CU[1].SIMD3, busy_time, 0.000000000000
2302, GPU[2].SA[4].CU[2].SIMD0, busy_time, 0.000000000000
2303, GPU[2].SA[4].CU[2].SIMD1, busy_time, 0.000000000000
2304, GPU[2].SA[4].CU[2].SIMD2, busy_time, 0.000000000000
2305, GPU[2].SA[4].CU[2].SIMD3, busy_time, 0.000000000000
2306, GPU[2].SA[4].CU[3].SIMD0, busy_time, 0.000000000000
2307, GPU[2].SA[4].CU[3].SIMD1, busy_time, 0.000000000000
2308, GPU[2].SA[4].CU[3].SIMD2, busy_time, 0.000000000000
2309, GPU[2].SA[4].CU[3].SIMD3, busy_time, 0.000000000000
2310, GPU[2].SA[5].CU[0].SIMD0, busy_time, 0.000000000000
2311, GPU[2].SA[5].CU[0].SIMD1, busy_time, 0.000000000000
2312, GPU[2].SA[5].CU[0].SIMD2, busy_time, 0.000000000000
2313, GPU[2].SA[5].CU[0].SIMD3, busy_time, 0.000000000000
2314, GPU[2].SA[5].CU[1].SIMD0, busy_time, 0.000000000000
2315, GPU[2].SA[5].CU[1].SIMD1, busy_time, 0.000000000000
2316, GPU[2].SA[5].CU[1].SIMD2, busy_time, 0.000000000000
2317, GPU[2].SA[5].CU[1].SIMD3, busy_time, 0.000000000000
2318, GPU[2].SA[5].CU[2].SIMD0, busy_time, 0.000000000000
2319, GPU[2].SA[5].CU[2].SIMD1, busy_time, 0.000000000000
2320, GPU[2].SA[5].CU[2].SIMD2, busy_time, 0.000000000000
2321, GPU[2].SA[5].CU[2].SIMD3, busy_time, 0.000000000000
2322, GPU[2].SA[5].CU[3].SIMD0, busy_time, 0.000000000000
2323, GPU[2].SA[5].CU[3].SIMD1, busy_time, 0.000000000000
2324, GPU[2].SA[5].CU[3].SIMD2, busy_time, 0.000000000000
2325, GPU[2].SA[5].CU[3].SIMD3, busy_time, 0.000000000000
2326, GPU[2].SA[6].CU[0].SIMD0, busy_time, 0.000000000000
2327, GPU[2].SA[6].CU[0].SIMD1, busy_time, 0.000000000000
2328, GPU[2].SA[6].CU[0].SIMD2, busy_time, 0.000000000000
2329, GPU[2].SA[6].CU[0].SIMD3, busy_time, 0.000000000000
2330, GPU[2].SA[6].CU[1].SIMD0, busy_time, 0.000000000000
2331, GPU[2].SA[6].CU[1].SIMD1, busy_time, 0.000000000000
2332, GPU[2].SA[6].CU[1].SIMD2, busy_time, 0.000000000000
2333, GPU[2].SA[6].CU[1].SIMD3, busy_time, 0.000000000000
2334, GPU[2].SA[6].CU[2].SIMD0, busy_time, 0.000000000000
2335, GPU[2].SA[6].CU[2].SIMD1, busy_time, 0.000000000000
2336, GPU[2].SA[6].CU[2].SIMD2, busy_time, 0.000000000000
2337, GPU[2].SA[6].CU[2].SIMD3, busy_time, 0.000000000000
2338, GPU[2].SA[6].CU[3].SIMD0, busy_time, 0.000000000000
2339, GPU[2].SA[6].CU[3].SIMD1, busy_time, 0.000000000000
2340, GPU[2].SA[6].CU[3].SIMD2, busy_time, 0.000000000000
2341, GPU[2].SA[6].CU[3].SIMD3, busy_time, 0.000000000000
2342, GPU[2].SA[7].CU[0].SIMD0, busy_time, 0.000000000000
2343, GPU[2].SA[7].CU[0].SIMD1, busy_time, 0.000000000000
2344, GPU[2].SA[7].CU[0].SIMD2, busy_time, 0.000000000000
2345, GPU[2].SA[7].CU[0].SIMD3, busy_time, 0.000000000000
2346, GPU[2].SA[7].CU[1].SIMD0, busy_time, 0.000000000000
2347, GPU[2].SA[7].CU[1].SIMD1, busy_time, 0.000000000000
2348, GPU[2].SA[7].CU[1].SIMD2, busy_time, 0.000000000000
2349, GPU[2].SA[7].CU[1].SIMD3, busy_time, 0.000000000000
2350, GPU[2].SA[7].CU[2].SIMD0, busy_time, 0.000000000000
2351, GPU[2].SA[7].CU[2].SIMD1, busy_time, 0.000000000000
2352, GPU[2].SA[7].CU[2].SIMD2, busy_time, 0.000000000000
2353, GPU[2].SA[7].CU[2].SIMD3, busy_time, 0.000000000000
2354, GPU[2].SA[7].CU[3].SIMD0, busy_time, 0.000000000000
2355, GPU[2].SA[7].CU[3].SIMD1, busy_time, 0.000000000000
2356, GPU[2].SA[7].CU[3].SIMD2, busy_time, 0.000000000000
2357, GPU[2].SA[7].CU[3].SIMD3, busy_time, 0.000000000000
2358, GPU[2].SA[8].CU[0].SIMD0, busy_time, 0.000000000000
2359, GPU[2].SA[8].CU[0].SIMD1, busy_time, 0.000000000000
2360, GPU[2].SA[8].CU[0].SIMD2, busy_time, 0.000000000000
2361, GPU[2].SA[8].CU[0].SIMD3, busy_time, 0.000000000000
2362, GPU[2].SA[8].CU[1].SIMD0, busy_time, 0.000000000000
2363, GPU[2].SA[8].CU[1].SIMD1, busy_time, 0.000000000000
2364, GPU[2].SA[8].CU[1].SIMD2, busy_time, 0.000000000000
2365, GPU[2].SA[8].CU[1].SIMD3, busy_time, 0.000000000000
2366, GPU[2].SA[8].CU[2].SIMD0, busy_time, 0.000000000000
2367, GPU[2].SA[8].CU[2].SIMD1, busy_time, 0.000000000000
2368, GPU[2].SA[8].CU[2].SIMD2, busy_time, 0.000000000000
2369, GPU[2].SA[8].CU[2].SIMD3, busy_time, 0.000000000000
2370, GPU[2].SA[8].CU[3].SIMD0, busy_time, 0.000000000000
2371, GPU[2].SA[8].CU[3].SIMD1, busy_time, 0.000000000000
2372, GPU[2].SA[8].CU[3].SIMD2, busy_time, 0.000000000000
2373, GPU[2].SA[8].CU[3].SIMD3, busy_time, 0.000000000000
2374, GPU[2].SA[9].CU[0].SIMD0, busy_time, 0.000000000000
2375, GPU[2].SA[9].CU[0].SIMD1, busy_time, 0.000000000000
2376, GPU[2].SA[9].CU[0].SIMD2, busy_time, 0.000000000000
2377, GPU[2].SA[9].CU[0].SIMD3, busy_time, 0.000000000000
2378, GPU[2].SA[9].CU[1].SIMD0, busy_time, 0.000000000000
2379, GPU[2].SA[9].CU[1].SIMD1, busy_time, 0.000000000000
2380, GPU[2].SA[9].CU[1].SIMD2, busy_time, 0.000000000000
2381, GPU[2].SA[9].CU[1].SIMD3, busy_time, 0.000000000000
2382, GPU[2].SA[9].CU[2].SIMD0, busy_time, 0.000000000000
2383, GPU[2].SA[9].CU[2].SIMD1, busy_time, 0.000000000000
2384, GPU[2].SA[9].CU[2].SIMD2, busy_time, 0.000000000000
2385, GPU[2].SA[9].CU[2].SIMD3, busy_time, 0.000000000000
2386, GPU[2].SA[9].CU[3].SIMD0, busy_time, 0.000000000000
2387, GPU[2].SA[9].CU[3].SIMD1, busy_time, 0.000000000000
2388, GPU[2].SA[9].CU[3].SIMD2, busy_time, 0.000000000000
2389, GPU[2].SA[9].CU[3].SIMD3, busy_time, 0.000000000000
2390, GPU[2].SA[10].CU[0].SIMD0, busy_time, 0.000000000000
2391, GPU[2].SA[10].CU[0].SIMD1, busy_time, 0.000000000000
2392, GPU[2].SA[10].CU[0].SIMD2, busy_time, 0.000000000000
2393, GPU[2].SA[10].CU[0].SIMD3, busy_time, 0.000000000000
2394, GPU[2].SA[10].CU[1].SIMD0, busy_time, 0.000000000000
2395, GPU[2].SA[10].CU[1].SIMD1, busy_time, 0.000000000000
2396, GPU[2].SA[10].CU[1].SIMD2, busy_time, 0.000000000000
2397, GPU[2].SA[10].CU[1].SIMD3, busy_time, 0.000000000000
2398, GPU[2].SA[10].CU[2].SIMD0, busy_time, 0.000000000000
2399, GPU[2].SA[10].CU[2].SIMD1, busy_time, 0.000000000000
2400, GPU[2].SA[10].CU[2].SIMD2, busy_time, 0.000000000000
2401, GPU[2].SA[10].CU[2].SIMD3, busy_time, 0.000000000000
2402, GPU[2].SA[10].CU[3].SIMD0, busy_time, 0.000000000000
2403, GPU[2].SA[10].CU[3].SIMD1, busy_time, 0.000000000000
2404, GPU[2].SA[10].CU[3].SIMD2, busy_time, 0.000000000000
2405, GPU[2].SA[10].CU[3].SIMD3, busy_time, 0.000000000000
2406, GPU[2].SA[11].CU[0].SIMD0, busy_time, 0.000000000000
2407, GPU[2].SA[11].CU[0].SIMD1, busy_time, 0.000000000000
2408, GPU[2].SA[11].CU[0].SIMD2, busy_time, 0.000000000000
2409, GPU[2].SA[11].CU[0].SIMD3, busy_time, 0.000000000000
2410, GPU[2].SA[11].CU[1].SIMD0, busy_time, 0.000000000000
2411, GPU[2].SA[11].CU[1].SIMD1, busy_time, 0.000000000000
2412, GPU[2].SA[11].CU[1].SIMD2, busy_time, 0.000000000000
2413, GPU[2].SA[11].CU[1].SIMD3, busy_time, 0.000000000000
2414, GPU[2].SA[11].CU[2].SIMD0, busy_time, 0.000000000000
2415, GPU[2].SA[11].CU[2].SIMD1, busy_time, 0.000000000000
2416, GPU[2].SA[11].CU[2].SIMD2, busy_time, 0.000000000000
2417, GPU[2].SA[11].CU[2].SIMD3, busy_time, 0.000000000000
2418, GPU[2].SA[11].CU[3].SIMD0, busy_time, 0.000000000000
2419, GPU[2].SA[11].CU[3].SIMD1, busy_time, 0.000000000000
2420, GPU[2].SA[11].CU[3].SIMD2, busy_time, 0.000000000000
2421, GPU[2].SA[11].CU[3].SIMD3, busy_time, 0.000000000000
2422, GPU[2].SA[12].CU[0].SIMD0, busy_time, 0.000000000000
2423, GPU[2].SA[12].CU[0].SIMD1, busy_time, 0.000000000000
2424, GPU[2].SA[12].CU[0].SIMD2, busy_time, 0.000000000000
2425, GPU[2].SA[12].CU[0].SIMD3, busy_time, 0.000000000000
2426, GPU[2].SA[12].CU[1].SIMD0, busy_time, 0.000000000000
2427, GPU[2].SA[12].CU[1].SIMD1, busy_time, 0.000000000000
2428, GPU[2].SA[12].CU[1].SIMD2, busy_time, 0.000000000000
2429, GPU[2].SA[12].CU[1].SIMD3, busy_time, 0.000000000000
2430, GPU[2].SA[12].CU[2].SIMD0, busy_time, 0.000000000000
2431, GPU[2].SA[12].CU[2].SIMD1, busy_time, 0.000000000000
2432, GPU[2].SA[12].CU[2].SIMD2, busy_time, 0.000000000000
2433, GPU[2].SA[12].CU[2].SIMD3, busy_time, 0.000000000000
2434, GPU[2].SA[12].CU[3].SIMD0, busy_time, 0.000000000000
2435, GPU[2].SA[12].CU[3].SIMD1, busy_time, 0.000000000000
2436, GPU[2].SA[12].CU[3].SIMD2, busy_time, 0.000000000000
2437, GPU[2].SA[12].CU[3].SIMD3, busy_time, 0.000000000000
2438, GPU[2].SA[13].CU[0].SIMD0, busy_time, 0.000000000000
2439, GPU[2].SA[13].CU[0].SIMD1, busy_time, 0.000000000000
2440, GPU[2].SA[13].CU[0].SIMD2, busy_time, 0.000000000000
2441, GPU[2].SA[13].CU[0].SIMD3, busy_time, 0.000000000000
2442, GPU[2].SA[13].CU[1].SIMD0, busy_time, 0.000000000000
2443, GPU[2].SA[13].CU[1].SIMD1, busy_time, 0.000000000000
2444, GPU[2].SA[13].CU[1].SIMD2, busy_time, 0.000000000000
2445, GPU[2].SA[13].CU[1].SIMD3, busy_time, 0.000000000000
2446, GPU[2].SA[13].CU[2].SIMD0, busy_time, 0.000000000000
2447, GPU[2].SA[13].CU[2].SIMD1, busy_time, 0.000000000000
2448, GPU[2].SA[13].CU[2].SIMD2, busy_time, 0.000000000000
2449, GPU[2].SA[13].CU[2].SIMD3, busy_time, 0.000000000000
2450, GPU[2].SA[13].CU[3].SIMD0, busy_time, 0.000000000000
2451, GPU[2].SA[13].CU[3].SIMD1, busy_time, 0.000000000000
2452, GPU[2].SA[13].CU[3].SIMD2, busy_time, 0.000000000000
2453, GPU[2].SA[13].CU[3].SIMD3, busy_time, 0.000000000000
2454, GPU[2].SA[14].CU[0].SIMD0, busy_time, 0.000000000000
2455, GPU[2].SA[14].CU[0].SIMD1, busy_time, 0.000000000000
2456, GPU[2].SA[14].CU[0].SIMD2, busy_time, 0.000000000000
2457, GPU[2].SA[14].CU[0].SIMD3, busy_time, 0.000000000000
2458, GPU[2].SA[14].CU[1].SIMD0, busy_time, 0.000000000000
2459, GPU[2].SA[14].CU[1].SIMD1, busy_time, 0.000000000000
2460, GPU[2].SA[14].CU[1].SIMD2, busy_time, 0.000000000000
2461, GPU[2].SA[14].CU[1].SIMD3, busy_time, 0.000000000000
2462, GPU[2].SA[14].CU[2].SIMD0, busy_time, 0.000000000000
2463, GPU[2].SA[14].CU[2].SIMD1, busy_time, 0.000000000000
2464, GPU[2].SA[14].CU[2].SIMD2, busy_time, 0.000000000000
2465, GPU[2].SA[14].CU[2].SIMD3, busy_time, 0.000000000000
2466, GPU[2].SA[14].CU[3].SIMD0, busy_time, 0.000000000000
2467, GPU[2].SA[14].CU[3].SIMD1, busy_time, 0.000000000000
2468, GPU[2].SA[14].CU[3].SIMD2, busy_time, 0.000000000000
2469, GPU[2].SA[14].CU[3].SIMD3, busy_time, 0.000000000000
2470, GPU[2].SA[15].CU[0].SIMD0, busy_time, 0.000000000000
2471, GPU[2].SA[15].CU[0].SIMD1, busy_time, 0.000000000000
2472, GPU[2].SA[15].CU[0].SIMD2, busy_time, 0.000000000000
2473, GPU[2].SA[15].CU[0].SIMD3, busy_time, 0.000000000000
2474, GPU[2].SA[15].CU[1].SIMD0, busy_time, 0.000000000000
2475, GPU[2].SA[15].CU[1].SIMD1, busy_time, 0.000000000000
2476, GPU[2].SA[15].CU[1].SIMD2, busy_time, 0.000000000000
2477, GPU[2].SA[15].CU[1].SIMD3, busy_time, 0.000000000000
2478, GPU[2].SA[15].CU[2].SIMD0, busy_time, 0.000000000000
2479, GPU[2].SA[15].CU[2].SIMD1, busy_time, 0.000000000000
2480, GPU[2].SA[15].CU[2].SIMD2, busy_time, 0.000000000000
2481, GPU[2].SA[15].CU[2].SIMD3, busy_time, 0.000000000000
2482, GPU[2].SA[15].CU[3].SIMD0, busy_time, 0.000000000000
2483, GPU[2].SA[15].CU[3].SIMD1, busy_time, 0.000000000000
2484, GPU[2].SA[15].CU[3].SIMD2, busy_time, 0.000000000000
2485, GPU[2].SA[15].CU[3].SIMD3, busy_time, 0.000000000000
2486, GPU[3].SA[0].CU[0].SIMD0, busy_time, 0.000007776000
2487, GPU[3].SA[0].CU[0].SIMD1, busy_time, 0.000000000000
2488, GPU[3].SA[0].CU[0].SIMD2, busy_time, 0.000000000000
2489, GPU[3].SA[0].CU[0].SIMD3, busy_time, 0.000000000000
2490, GPU[3].SA[0].CU[1].SIMD0, busy_time, 0.000007776000
2491, GPU[3].SA[0].CU[1].SIMD1, busy_time, 0.000000000000
2492, GPU[3].SA[0].CU[1].SIMD2, busy_time, 0.000000000000
2493, GPU[3].SA[0].CU[1].SIMD3, busy_time, 0.000000000000
2494, GPU[3].SA[0].CU[2].SIMD0, busy_time, 0.000000000000
2495, GPU[3].SA[0].CU[2].SIMD1, busy_time, 0.000000000000
2496, GPU[3].SA[0].CU[2].SIMD2, busy_time, 0.000000000000
2497, GPU[3].SA[0].CU[2].SIMD3, busy_time, 0.000000000000
2498, GPU[3].SA[0].CU[3].SIMD0, busy_time, 0.000000000000
2499, GPU[3].SA[0].CU[3].SIMD1, busy_time, 0.000000000000
2500, GPU[3].SA[0].CU[3].SIMD2, busy_time, 0.000000000000
2501, GPU[3].SA[0].CU[3].SIMD3, busy_time, 0.000000000000
2502, GPU[3].SA[1].CU[0].SIMD0, busy_time, 0.000000000000
2503, GPU[3].SA[1].CU[0].SIMD1, busy_time, 0.000000000000
2504, GPU[3].SA[1].CU[0].SIMD2, busy_time, 0.000000000000
2505, GPU[3].SA[1].CU[0].SIMD3, busy_time, 0.000000000000
2506, GPU[3].SA[1].CU[1].SIMD0, busy_time, 0.000000000000
2507, GPU[3].SA[1].CU[1].SIMD1, busy_time, 0.000000000000
2508, GPU[3].SA[1].CU[1].SIMD2, busy_time, 0.000000000000
2509, GPU[3].SA[1].CU[1].SIMD3, busy_time, 0.000000000000
2510, GPU[3].SA[1].CU[2].SIMD0, busy_time, 0.000000000000
2511, GPU[3].SA[1].CU[2].SIMD1, busy_time, 0.000000000000
2512, GPU[3].SA[1].CU[2].SIMD2, busy_time, 0.000000000000
2513, GPU[3].SA[1].CU[2].SIMD3, busy_time, 0.000000000000
2514, GPU[3].SA[1].CU[3].SIMD0, busy_time, 0.000000000000
2515, GPU[3].SA[1].CU[3].SIMD1, busy_time, 0.000000000000
2516, GPU[3].SA[1].CU[3].SIMD2, busy_time, 0.000000000000
2517, GPU[3].SA[1].CU[3].SIMD3, busy_time, 0.000000000000
2518, GPU[3].SA[2].CU[0].SIMD0, busy_time, 0.000000000000
2519, GPU[3].SA[2].CU[0].SIMD1, busy_time, 0.000000000000
2520, GPU[3].SA[2].CU[0].SIMD2, busy_time, 0.000000000000
2521, GPU[3].SA[2].CU[0].SIMD3, busy_time, 0.000000000000
2522, GPU[3].SA[2].CU[1].SIMD0, busy_time, 0.000000000000
2523, GPU[3].SA[2].CU[1].SIMD1, busy_time, 0.000000000000
2524, GPU[3].SA[2].CU[1].SIMD2, busy_time, 0.000000000000
2525, GPU[3].SA[2].CU[1].SIMD3, busy_time, 0.000000000000
2526, GPU[3].SA[2].CU[2].SIMD0, busy_time, 0.000000000000
2527, GPU[3].SA[2].CU[2].SIMD1, busy_time, 0.000000000000
2528, GPU[3].SA[2].CU[2].SIMD2, busy_time, 0.000000000000
2529, GPU[3].SA[2].CU[2].SIMD3, busy_time, 0.000000000000
2530, GPU[3].SA[2].CU[3].SIMD0, busy_time, 0.000000000000
2531, GPU[3].SA[2].CU[3].SIMD1, busy_time, 0.000000000000
2532, GPU[3].SA[2].CU[3].SIMD2, busy_time, 0.000000000000
2533, GPU[3].SA[2].CU[3].SIMD3, busy_time, 0.000000000000
2534, GPU[3].SA[3].CU[0].SIMD0, busy_time, 0.000000000000
2535, GPU[3].SA[3].CU[0].SIMD1, busy_time, 0.000000000000
2536, GPU[3].SA[3].CU[0].SIMD2, busy_time, 0.000000000000
2537, GPU[3].SA[3].CU[0].SIMD3, busy_time, 0.000000000000
2538, GPU[3].SA[3].CU[1].SIMD0, busy_time, 0.000000000000
2539, GPU[3].SA[3].CU[1].SIMD1, busy_time, 0.000000000000
2540, GPU[3].SA[3].CU[1].SIMD2, busy_time, 0.000000000000
2541, GPU[3].SA[3].CU[1].SIMD3, busy_time, 0.000000000000
2542, GPU[3].SA[3].CU[2].SIMD0, busy_time, 0.000000000000
2543, GPU[3].SA[3].CU[2].SIMD1, busy_time, 0.000000000000
2544, GPU[3].SA[3].CU[2].SIMD2, busy_time, 0.000000000000
2545, GPU[3].SA[3].CU[2].SIMD3, busy_time, 0.000000000000
2546, GPU[3].SA[3].CU[3].SIMD0, busy_time, 0.000000000000
2547, GPU[3].SA[3].CU[3].SIMD1, busy_time, 0.000000000000
2548, GPU[3].SA[3].CU[3].SIMD2, busy_time, 0.000000000000
2549, GPU[3].SA[3].CU[3].SIMD3, busy_time, 0.000000000000
2550, GPU[3].SA[4].CU[0].SIMD0, busy_time, 0.000000000000
2551, GPU[3].SA[4].CU[0].SIMD1, busy_time, 0.000000000000
2552, GPU[3].SA[4].CU[0].SIMD2, busy_time, 0.000000000000
2553, GPU[3].SA[4].CU[0].SIMD3, busy_time, 0.000000000000
2554, GPU[3].SA[4].CU[1].SIMD0, busy_time, 0.000000000000
2555, GPU[3].SA[4].CU[1].SIMD1, busy_time, 0.000000000000
2556, GPU[3].SA[4].CU[1].SIMD2, busy_time, 0.000000000000
2557, GPU[3].SA[4].CU[1].SIMD3, busy_time, 0.000000000000
2558, GPU[3].SA[4].CU[2].SIMD0, busy_time, 0.000000000000
2559, GPU[3].SA[4].CU[2].SIMD1, busy_time, 0.000000000000
2560, GPU[3].SA[4].CU[2].SIMD2, busy_time, 0.000000000000
2561, GPU[3].SA[4].CU[2].SIMD3, busy_time, 0.000000000000
2562, GPU[3].SA[4].CU[3].SIMD0, busy_time, 0.000000000000
2563, GPU[3].SA[4].CU[3].SIMD1, busy_time, 0.000000000000
2564, GPU[3].SA[4].CU[3].SIMD2, busy_time, 0.000000000000
2565, GPU[3].SA[4].CU[3].SIMD3, busy_time, 0.000000000000
2566, GPU[3].SA[5].CU[0].SIMD0, busy_time, 0.000000000000
2567, GPU[3].SA[5].CU[0].SIMD1, busy_time, 0.000000000000
2568, GPU[3].SA[5].CU[0].SIMD2, busy_time, 0.000000000000
2569, GPU[3].SA[5].CU[0].SIMD3, busy_time, 0.000000000000
2570, GPU[3].SA[5].CU[1].SIMD0, busy_time, 0.000000000000
2571, GPU[3].SA[5].CU[1].SIMD1, busy_time, 0.000000000000
2572, GPU[3].SA[5].CU[1].SIMD2, busy_time, 0.000000000000
2573, GPU[3].SA[5].CU[1].SIMD3, busy_time, 0.000000000000
2574, GPU[3].SA[5].CU[2].SIMD0, busy_time, 0.000000000000
2575, GPU[3].SA[5].CU[2].SIMD1, busy_time, 0.000000000000
2576, GPU[3].SA[5].CU[2].SIMD2, busy_time, 0.000000000000
2577, GPU[3].SA[5].CU[2].SIMD3, busy_time, 0.000000000000
2578, GPU[3].SA[5].CU[3].SIMD0, busy_time, 0.000000000000
2579, GPU[3].SA[5].CU[3].SIMD1, busy_time, 0.000000000000
2580, GPU[3].SA[5].CU[3].SIMD2, busy_time, 0.000000000000
2581, GPU[3].SA[5].CU[3].SIMD3, busy_time, 0.000000000000
2582, GPU[3].SA[6].CU[0].SIMD0, busy_time, 0.000000000000
2583, GPU[3].SA[6].CU[0].SIMD1, busy_time, 0.000000000000
2584, GPU[3].SA[6].CU[0].SIMD2, busy_time, 0.000000000000
2585, GPU[3].SA[6].CU[0].SIMD3, busy_time, 0.000000000000
2586, GPU[3].SA[6].CU[1].SIMD0, busy_time, 0.000000000000
2587, GPU[3].SA[6].CU[1].SIMD1, busy_time, 0.000000000000
2588, GPU[3].SA[6].CU[1].SIMD2, busy_time, 0.000000000000
2589, GPU[3].SA[6].CU[1].SIMD3, busy_time, 0.000000000000
2590, GPU[3].SA[6].CU[2].SIMD0, busy_time, 0.000000000000
2591, GPU[3].SA[6].CU[2].SIMD1, busy_time, 0.000000000000
2592, GPU[3].SA[6].CU[2].SIMD2, busy_time, 0.000000000000
2593, GPU[3].SA[6].CU[2].SIMD3, busy_time, 0.000000000000
2594, GPU[3].SA[6].CU[3].SIMD0, busy_time, 0.000000000000
2595, GPU[3].SA[6].CU[3].SIMD1, busy_time, 0.000000000000
2596, GPU[3].SA[6].CU[3].SIMD2, busy_time, 0.000000000000
2597, GPU[3].SA[6].CU[3].SIMD3, busy_time, 0.000000000000
2598, GPU[3].SA[7].CU[0].SIMD0, busy_time, 0.000000000000
2599, GPU[3].SA[7].CU[0].SIMD1, busy_time, 0.000000000000
2600, GPU[3].SA[7].CU[0].SIMD2, busy_time, 0.000000000000
2601, GPU[3].SA[7].CU[0].SIMD3, busy_time, 0.000000000000
2602, GPU[3].SA[7].CU[1].SIMD0, busy_time, 0.000000000000
2603, GPU[3].SA[7].CU[1].SIMD1, busy_time, 0.000000000000
2604, GPU[3].SA[7].CU[1].SIMD2, busy_time, 0.000000000000
2605, GPU[3].SA[7].CU[1].SIMD3, busy_time, 0.000000000000
2606, GPU[3].SA[7].CU[2].SIMD0, busy_time, 0.000000000000
2607, GPU[3].SA[7].CU[2].SIMD1, busy_time, 0.000000000000
2608, GPU[3].SA[7].CU[2].SIMD2, busy_time, 0.000000000000
2609, GPU[3].SA[7].CU[2].SIMD3, busy_time, 0.000000000000
2610, GPU[3].SA[7].CU[3].SIMD0, busy_time, 0.000000000000
2611, GPU[3].SA[7].CU[3].SIMD1, busy_time, 0.000000000000
2612, GPU[3].SA[7].CU[3].SIMD2, busy_time, 0.000000000000
2613, GPU[3].SA[7].CU[3].SIMD3, busy_time, 0.000000000000
2614, GPU[3].SA[8].CU[0].SIMD0, busy_time, 0.000000000000
2615, GPU[3].SA[8].CU[0].SIMD1, busy_time, 0.000000000000
2616, GPU[3].SA[8].CU[0].SIMD2, busy_time, 0.000000000000
2617, GPU[3].SA[8].CU[0].SIMD3, busy_time, 0.000000000000
2618, GPU[3].SA[8].CU[1].SIMD0, busy_time, 0.000000000000
2619, GPU[3].SA[8].CU[1].SIMD1, busy_time, 0.000000000000
2620, GPU[3].SA[8].CU[1].SIMD2, busy_time, 0.000000000000
2621, GPU[3].SA[8].CU[1].SIMD3, busy_time, 0.000000000000
2622, GPU[3].SA[8].CU[2].SIMD0, busy_time, 0.000000000000
2623, GPU[3].SA[8].CU[2].SIMD1, busy_time, 0.000000000000
2624, GPU[3].SA[8].CU[2].SIMD2, busy_time, 0.000000000000
2625, GPU[3].SA[8].CU[2].SIMD3, busy_time, 0.000000000000
2626, GPU[3].SA[8].CU[3].SIMD0, busy_time, 0.000000000000
2627, GPU[3].SA[8].CU[3].SIMD1, busy_time, 0.000000000000
2628, GPU[3].SA[8].CU[3].SIMD2, busy_time, 0.000000000000
2629, GPU[3].SA[8].CU[3].SIMD3, busy_time, 0.000000000000
2630, GPU[3].SA[9].CU[0].SIMD0, busy_time, 0.000000000000
2631, GPU[3].SA[9].CU[0].SIMD1, busy_time, 0.000000000000
2632, GPU[3].SA[9].CU[0].SIMD2, busy_time, 0.000000000000
2633, GPU[3].SA[9].CU[0].SIMD3, busy_time, 0.000000000000
2634, GPU[3].SA[9].CU[1].SIMD0, busy_time, 0.000000000000
2635, GPU[3].SA[9].CU[1].SIMD1, busy_time, 0.000000000000
2636, GPU[3].SA[9].CU[1].SIMD2, busy_time, 0.000000000000
2637, GPU[3].SA[9].CU[1].SIMD3, busy_time, 0.000000000000
2638, GPU[3].SA[9].CU[2].SIMD0, busy_time, 0.000000000000
2639, GPU[3].SA[9].CU[2].SIMD1, busy_time, 0.000000000000
2640, GPU[3].SA[9].CU[2].SIMD2, busy_time, 0.000000000000
2641, GPU[3].SA[9].CU[2].SIMD3, busy_time, 0.000000000000
2642, GPU[3].SA[9].CU[3].SIMD0, busy_time, 0.000000000000
2643, GPU[3].SA[9].CU[3].SIMD1, busy_time, 0.000000000000
2644, GPU[3].SA[9].CU[3].SIMD2, busy_time, 0.000000000000
2645, GPU[3].SA[9].CU[3].SIMD3, busy_time, 0.000000000000
2646, GPU[3].SA[10].CU[0].SIMD0, busy_time, 0.000000000000
2647, GPU[3].SA[10].CU[0].SIMD1, busy_time, 0.000000000000
2648, GPU[3].SA[10].CU[0].SIMD2, busy_time, 0.000000000000
2649, GPU[3].SA[10].CU[0].SIMD3, busy_time, 0.000000000000
2650, GPU[3].SA[10].CU[1].SIMD0, busy_time, 0.000000000000
2651, GPU[3].SA[10].CU[1].SIMD1, busy_time, 0.000000000000
2652, GPU[3].SA[10].CU[1].SIMD2, busy_time, 0.000000000000
2653, GPU[3].SA[10].CU[1].SIMD3, busy_time, 0.000000000000
2654, GPU[3].SA[10].CU[2].SIMD0, busy_time, 0.000000000000
2655, GPU[3].SA[10].CU[2].SIMD1, busy_time, 0.000000000000
2656, GPU[3].SA[10].CU[2].SIMD2, busy_time, 0.000000000000
2657, GPU[3].SA[10].CU[2].SIMD3, busy_time, 0.000000000000
2658, GPU[3].SA[10].CU[3].SIMD0, busy_time, 0.000000000000
2659, GPU[3].SA[10].CU[3].SIMD1, busy_time, 0.000000000000
2660, GPU[3].SA[10].CU[3].SIMD2, busy_time, 0.000000000000
2661, GPU[3].SA[10].CU[3].SIMD3, busy_time, 0.000000000000
2662, GPU[3].SA[11].CU[0].SIMD0, busy_time, 0.000000000000
2663, GPU[3].SA[11].CU[0].SIMD1, busy_time, 0.000000000000
2664, GPU[3].SA[11].CU[0].SIMD2, busy_time, 0.000000000000
2665, GPU[3].SA[11].CU[0].SIMD3, busy_time, 0.000000000000
2666, GPU[3].SA[11].CU[1].SIMD0, busy_time, 0.000000000000
2667, GPU[3].SA[11].CU[1].SIMD1, busy_time, 0.000000000000
2668, GPU[3].SA[11].CU[1].SIMD2, busy_time, 0.000000000000
2669, GPU[3].SA[11].CU[1].SIMD3, busy_time, 0.000000000000
2670, GPU[3].SA[11].CU[2].SIMD0, busy_time, 0.000000000000
2671, GPU[3].SA[11].CU[2].SIMD1, busy_time, 0.000000000000
2672, GPU[3].SA[11].CU[2].SIMD2, busy_time, 0.000000000000
2673, GPU[3].SA[11].CU[2].SIMD3, busy_time, 0.000000000000
2674, GPU[3].SA[11].CU[3].SIMD0, busy_time, 0.000000000000
2675, GPU[3].SA[11].CU[3].SIMD1, busy_time, 0.000000000000
2676, GPU[3].SA[11].CU[3].SIMD2, busy_time, 0.000000000000
2677, GPU[3].SA[11].CU[3].SIMD3, busy_time, 0.000000000000
2678, GPU[3].SA[12].CU[0].SIMD0, busy_time, 0.000000000000
2679, GPU[3].SA[12].CU[0].SIMD1, busy_time, 0.000000000000
2680, GPU[3].SA[12].CU[0].SIMD2, busy_time, 0.000000000000
2681, GPU[3].SA[12].CU[0].SIMD3, busy_time, 0.000000000000
2682, GPU[3].SA[12].CU[1].SIMD0, busy_time, 0.000000000000
2683, GPU[3].SA[12].CU[1].SIMD1, busy_time, 0.000000000000
2684, GPU[3].SA[12].CU[1].SIMD2, busy_time, 0.000000000000
2685, GPU[3].SA[12].CU[1].SIMD3, busy_time, 0.000000000000
2686, GPU[3].SA[12].CU[2].SIMD0, busy_time, 0.000000000000
2687, GPU[3].SA[12].CU[2].SIMD1, busy_time, 0.000000000000
2688, GPU[3].SA[12].CU[2].SIMD2, busy_time, 0.000000000000
2689, GPU[3].SA[12].CU[2].SIMD3, busy_time, 0.000000000000
2690, GPU[3].SA[12].CU[3].SIMD0, busy_time, 0.000000000000
2691, GPU[3].SA[12].CU[3].SIMD1, busy_time, 0.000000000000
2692, GPU[3].SA[12].CU[3].SIMD2, busy_time, 0.000000000000
2693, GPU[3].SA[12].CU[3].SIMD3, busy_time, 0.000000000000
2694, GPU[3].SA[13].CU[0].SIMD0, busy_time, 0.000000000000
2695, GPU[3].SA[13].CU[0].SIMD1, busy_time, 0.000000000000
2696, GPU[3].SA[13].CU[0].SIMD2, busy_time, 0.000000000000
2697, GPU[3].SA[13].CU[0].SIMD3, busy_time, 0.000000000000
2698, GPU[3].SA[13].CU[1].SIMD0, busy_time, 0.000000000000
2699, GPU[3].SA[13].CU[1].SIMD1, busy_time, 0.000000000000
2700, GPU[3].SA[13].CU[1].SIMD2, busy_time, 0.000000000000
2701, GPU[3].SA[13].CU[1].SIMD3, busy_time, 0.000000000000
2702, GPU[3].SA[13].CU[2].SIMD0, busy_time, 0.000000000000
2703, GPU[3].SA[13].CU[2].SIMD1, busy_time, 0.000000000000
2704, GPU[3].SA[13].CU[2].SIMD2, busy_time, 0.000000000000
2705, GPU[3].SA[13].CU[2].SIMD3, busy_time, 0.000000000000
2706, GPU[3].SA[13].CU[3].SIMD0, busy_time, 0.000000000000
2707, GPU[3].SA[13].CU[3].SIMD1, busy_time, 0.000000000000
2708, GPU[3].SA[13].CU[3].SIMD2, busy_time, 0.000000000000
2709, GPU[3].SA[13].CU[3].SIMD3, busy_time, 0.000000000000
2710, GPU[3].SA[14].CU[0].SIMD0, busy_time, 0.000000000000
2711, GPU[3].SA[14].CU[0].SIMD1, busy_time, 0.000000000000
2712, GPU[3].SA[14].CU[0].SIMD2, busy_time, 0.000000000000
2713, GPU[3].SA[14].CU[0].SIMD3, busy_time, 0.000000000000
2714, GPU[3].SA[14].CU[1].SIMD0, busy_time, 0.000000000000
2715, GPU[3].SA[14].CU[1].SIMD1, busy_time, 0.000000000000
2716, GPU[3].SA[14].CU[1].SIMD2, busy_time, 0.000000000000
2717, GPU[3].SA[14].CU[1].SIMD3, busy_time, 0.000000000000
2718, GPU[3].SA[14].CU[2].SIMD0, busy_time, 0.000000000000
2719, GPU[3].SA[14].CU[2].SIMD1, busy_time, 0.000000000000
2720, GPU[3].SA[14].CU[2].SIMD2, busy_time, 0.000000000000
2721, GPU[3].SA[14].CU[2].SIMD3, busy_time, 0.000000000000
2722, GPU[3].SA[14].CU[3].SIMD0, busy_time, 0.000000000000
2723, GPU[3].SA[14].CU[3].SIMD1, busy_time, 0.000000000000
2724, GPU[3].SA[14].CU[3].SIMD2, busy_time, 0.000000000000
2725, GPU[3].SA[14].CU[3].SIMD3, busy_time, 0.000000000000
2726, GPU[3].SA[15].CU[0].SIMD0, busy_time, 0.000000000000
2727, GPU[3].SA[15].CU[0].SIMD1, busy_time, 0.000000000000
2728, GPU[3].SA[15].CU[0].SIMD2, busy_time, 0.000000000000
2729, GPU[3].SA[15].CU[0].SIMD3, busy_time, 0.000000000000
2730, GPU[3].SA[15].CU[1].SIMD0, busy_time, 0.000000000000
2731, GPU[3].SA[15].CU[1].SIMD1, busy_time, 0.000000000000
2732, GPU[3].SA[15].CU[1].SIMD2, busy_time, 0.000000000000
2733, GPU[3].SA[15].CU[1].SIMD3, busy_time, 0.000000000000
2734, GPU[3].SA[15].CU[2].SIMD0, busy_time, 0.000000000000
2735, GPU[3].SA[15].CU[2].SIMD1, busy_time, 0.000000000000
2736, GPU[3].SA[15].CU[2].SIMD2, busy_time, 0.000000000000
2737, GPU[3].SA[15].CU[2].SIMD3, busy_time, 0.000000000000
2738, GPU[3].SA[15].CU[3].SIMD0, busy_time, 0.000000000000
2739, GPU[3].SA[15].CU[3].SIMD1, busy_time, 0.000000000000
2740, GPU[3].SA[15].CU[3].SIMD2, busy_time, 0.000000000000
2741, GPU[3].SA[15].CU[3].SIMD3, busy_time, 0.000000000000
2742, GPU[4].SA[0].CU[0].SIMD0, busy_time, 0.000007776000
2743, GPU[4].SA[0].CU[0].SIMD1, busy_time, 0.000000000000
2744, GPU[4].SA[0].CU[0].SIMD2, busy_time, 0.000000000000
2745, GPU[4].SA[0].CU[0].SIMD3, busy_time, 0.000000000000
2746, GPU[4].SA[0].CU[1].SIMD0, busy_time, 0.000007776000
2747, GPU[4].SA[0].CU[1].SIMD1, busy_time, 0.000000000000
2748, GPU[4].SA[0].CU[1].SIMD2, busy_time, 0.000000000000
2749, GPU[4].SA[0].CU[1].SIMD3, busy_time, 0.000000000000
2750, GPU[4].SA[0].CU[2].SIMD0, busy_time, 0.000000000000
2751, GPU[4].SA[0].CU[2].SIMD1, busy_time, 0.000000000000
2752, GPU[4].SA[0].CU[2].SIMD2, busy_time, 0.000000000000
2753, GPU[4].SA[0].CU[2].SIMD3, busy_time, 0.000000000000
2754, GPU[4].SA[0].CU[3].SIMD0, busy_time, 0.000000000000
2755, GPU[4].SA[0].CU[3].SIMD1, busy_time, 0.000000000000
2756, GPU[4].SA[0].CU[3].SIMD2, busy_time, 0.000000000000
2757, GPU[4].SA[0].CU[3].SIMD3, busy_time, 0.000000000000
2758, GPU[4].SA[1].CU[0].SIMD0, busy_time, 0.000000000000
2759, GPU[4].SA[1].CU[0].SIMD1, busy_time, 0.000000000000
2760, GPU[4].SA[1].CU[0].SIMD2, busy_time, 0.000000000000
2761, GPU[4].SA[1].CU[0].SIMD3, busy_time, 0.000000000000
2762, GPU[4].SA[1].CU[1].SIMD0, busy_time, 0.000000000000
2763, GPU[4].SA[1].CU[1].SIMD1, busy_time, 0.000000000000
2764, GPU[4].SA[1].CU[1].SIMD2, busy_time, 0.000000000000
2765, GPU[4].SA[1].CU[1].SIMD3, busy_time, 0.000000000000
2766, GPU[4].SA[1].CU[2].SIMD0, busy_time, 0.000000000000
2767, GPU[4].SA[1].CU[2].SIMD1, busy_time, 0.000000000000
2768, GPU[4].SA[1].CU[2].SIMD2, busy_time, 0.000000000000
2769, GPU[4].SA[1].CU[2].SIMD3, busy_time, 0.000000000000
2770, GPU[4].SA[1].CU[3].SIMD0, busy_time, 0.000000000000
2771, GPU[4].SA[1].CU[3].SIMD1, busy_time, 0.000000000000
2772, GPU[4].SA[1].CU[3].SIMD2, busy_time, 0.000000000000
2773, GPU[4].SA[1].CU[3].SIMD3, busy_time, 0.000000000000
2774, GPU[4].SA[2].CU[0].SIMD0, busy_time, 0.000000000000
2775, GPU[4].SA[2].CU[0].SIMD1, busy_time, 0.000000000000
2776, GPU[4].SA[2].CU[0].SIMD2, busy_time, 0.000000000000
2777, GPU[4].SA[2].CU[0].SIMD3, busy_time, 0.000000000000
2778, GPU[4].SA[2].CU[1].SIMD0, busy_time, 0.000000000000
2779, GPU[4].SA[2].CU[1].SIMD1, busy_time, 0.000000000000
2780, GPU[4].SA[2].CU[1].SIMD2, busy_time, 0.000000000000
2781, GPU[4].SA[2].CU[1].SIMD3, busy_time, 0.000000000000
2782, GPU[4].SA[2].CU[2].SIMD0, busy_time, 0.000000000000
2783, GPU[4].SA[2].CU[2].SIMD1, busy_time, 0.000000000000
2784, GPU[4].SA[2].CU[2].SIMD2, busy_time, 0.000000000000
2785, GPU[4].SA[2].CU[2].SIMD3, busy_time, 0.000000000000
2786, GPU[4].SA[2].CU[3].SIMD0, busy_time, 0.000000000000
2787, GPU[4].SA[2].CU[3].SIMD1, busy_time, 0.000000000000
2788, GPU[4].SA[2].CU[3].SIMD2, busy_time, 0.000000000000
2789, GPU[4].SA[2].CU[3].SIMD3, busy_time, 0.000000000000
2790, GPU[4].SA[3].CU[0].SIMD0, busy_time, 0.000000000000
2791, GPU[4].SA[3].CU[0].SIMD1, busy_time, 0.000000000000
2792, GPU[4].SA[3].CU[0].SIMD2, busy_time, 0.000000000000
2793, GPU[4].SA[3].CU[0].SIMD3, busy_time, 0.000000000000
2794, GPU[4].SA[3].CU[1].SIMD0, busy_time, 0.000000000000
2795, GPU[4].SA[3].CU[1].SIMD1, busy_time, 0.000000000000
2796, GPU[4].SA[3].CU[1].SIMD2, busy_time, 0.000000000000
2797, GPU[4].SA[3].CU[1].SIMD3, busy_time, 0.000000000000
2798, GPU[4].SA[3].CU[2].SIMD0, busy_time, 0.000000000000
2799, GPU[4].SA[3].CU[2].SIMD1, busy_time, 0.000000000000
2800, GPU[4].SA[3].CU[2].SIMD2, busy_time, 0.000000000000
2801, GPU[4].SA[3].CU[2].SIMD3, busy_time, 0.000000000000
2802, GPU[4].SA[3].CU[3].SIMD0, busy_time, 0.000000000000
2803, GPU[4].SA[3].CU[3].SIMD1, busy_time, 0.000000000000
2804, GPU[4].SA[3].CU[3].SIMD2, busy_time, 0.000000000000
2805, GPU[4].SA[3].CU[3].SIMD3, busy_time, 0.000000000000
2806, GPU[4].SA[4].CU[0].SIMD0, busy_time, 0.000000000000
2807, GPU[4].SA[4].CU[0].SIMD1, busy_time, 0.000000000000
2808, GPU[4].SA[4].CU[0].SIMD2, busy_time, 0.000000000000
2809, GPU[4].SA[4].CU[0].SIMD3, busy_time, 0.000000000000
2810, GPU[4].SA[4].CU[1].SIMD0, busy_time, 0.000000000000
2811, GPU[4].SA[4].CU[1].SIMD1, busy_time, 0.000000000000
2812, GPU[4].SA[4].CU[1].SIMD2, busy_time, 0.000000000000
2813, GPU[4].SA[4].CU[1].SIMD3, busy_time, 0.000000000000
2814, GPU[4].SA[4].CU[2].SIMD0, busy_time, 0.000000000000
2815, GPU[4].SA[4].CU[2].SIMD1, busy_time, 0.000000000000
2816, GPU[4].SA[4].CU[2].SIMD2, busy_time, 0.000000000000
2817, GPU[4].SA[4].CU[2].SIMD3, busy_time, 0.000000000000
2818, GPU[4].SA[4].CU[3].SIMD0, busy_time, 0.000000000000
2819, GPU[4].SA[4].CU[3].SIMD1, busy_time, 0.000000000000
2820, GPU[4].SA[4].CU[3].SIMD2, busy_time, 0.000000000000
2821, GPU[4].SA[4].CU[3].SIMD3, busy_time, 0.000000000000
2822, GPU[4].SA[5].CU[0].SIMD0, busy_time, 0.000000000000
2823, GPU[4].SA[5].CU[0].SIMD1, busy_time, 0.000000000000
2824, GPU[4].SA[5].CU[0].SIMD2, busy_time, 0.000000000000
2825, GPU[4].SA[5].CU[0].SIMD3, busy_time, 0.000000000000
2826, GPU[4].SA[5].CU[1].SIMD0, busy_time, 0.000000000000
2827, GPU[4].SA[5].CU[1].SIMD1, busy_time, 0.000000000000
2828, GPU[4].SA[5].CU[1].SIMD2, busy_time, 0.000000000000
2829, GPU[4].SA[5].CU[1].SIMD3, busy_time, 0.000000000000
2830, GPU[4].SA[5].CU[2].SIMD0, busy_time, 0.000000000000
2831, GPU[4].SA[5].CU[2].SIMD1, busy_time, 0.000000000000
2832, GPU[4].SA[5].CU[2].SIMD2, busy_time, 0.000000000000
2833, GPU[4].SA[5].CU[2].SIMD3, busy_time, 0.000000000000
2834, GPU[4].SA[5].CU[3].SIMD0, busy_time, 0.000000000000
2835, GPU[4].SA[5].CU[3].SIMD1, busy_time, 0.000000000000
2836, GPU[4].SA[5].CU[3].SIMD2, busy_time, 0.000000000000
2837, GPU[4].SA[5].CU[3].SIMD3, busy_time, 0.000000000000
2838, GPU[4].SA[6].CU[0].SIMD0, busy_time, 0.000000000000
2839, GPU[4].SA[6].CU[0].SIMD1, busy_time, 0.000000000000
2840, GPU[4].SA[6].CU[0].SIMD2, busy_time, 0.000000000000
2841, GPU[4].SA[6].CU[0].SIMD3, busy_time, 0.000000000000
2842, GPU[4].SA[6].CU[1].SIMD0, busy_time, 0.000000000000
2843, GPU[4].SA[6].CU[1].SIMD1, busy_time, 0.000000000000
2844, GPU[4].SA[6].CU[1].SIMD2, busy_time, 0.000000000000
2845, GPU[4].SA[6].CU[1].SIMD3, busy_time, 0.000000000000
2846, GPU[4].SA[6].CU[2].SIMD0, busy_time, 0.000000000000
2847, GPU[4].SA[6].CU[2].SIMD1, busy_time, 0.000000000000
2848, GPU[4].SA[6].CU[2].SIMD2, busy_time, 0.000000000000
2849, GPU[4].SA[6].CU[2].SIMD3, busy_time, 0.000000000000
2850, GPU[4].SA[6].CU[3].SIMD0, busy_time, 0.000000000000
2851, GPU[4].SA[6].CU[3].SIMD1, busy_time, 0.000000000000
2852, GPU[4].SA[6].CU[3].SIMD2, busy_time, 0.000000000000
2853, GPU[4].SA[6].CU[3].SIMD3, busy_time, 0.000000000000
2854, GPU[4].SA[7].CU[0].SIMD0, busy_time, 0.000000000000
2855, GPU[4].SA[7].CU[0].SIMD1, busy_time, 0.000000000000
2856, GPU[4].SA[7].CU[0].SIMD2, busy_time, 0.000000000000
2857, GPU[4].SA[7].CU[0].SIMD3, busy_time, 0.000000000000
2858, GPU[4].SA[7].CU[1].SIMD0, busy_time, 0.000000000000
2859, GPU[4].SA[7].CU[1].SIMD1, busy_time, 0.000000000000
2860, GPU[4].SA[7].CU[1].SIMD2, busy_time, 0.000000000000
2861, GPU[4].SA[7].CU[1].SIMD3, busy_time, 0.000000000000
2862, GPU[4].SA[7].CU[2].SIMD0, busy_time, 0.000000000000
2863, GPU[4].SA[7].CU[2].SIMD1, busy_time, 0.000000000000
2864, GPU[4].SA[7].CU[2].SIMD2, busy_time, 0.000000000000
2865, GPU[4].SA[7].CU[2].SIMD3, busy_time, 0.000000000000
2866, GPU[4].SA[7].CU[3].SIMD0, busy_time, 0.000000000000
2867, GPU[4].SA[7].CU[3].SIMD1, busy_time, 0.000000000000
2868, GPU[4].SA[7].CU[3].SIMD2, busy_time, 0.000000000000
2869, GPU[4].SA[7].CU[3].SIMD3, busy_time, 0.000000000000
2870, GPU[4].SA[8].CU[0].SIMD0, busy_time, 0.000000000000
2871, GPU[4].SA[8].CU[0].SIMD1, busy_time, 0.000000000000
2872, GPU[4].SA[8].CU[0].SIMD2, busy_time, 0.000000000000
2873, GPU[4].SA[8].CU[0].SIMD3, busy_time, 0.000000000000
2874, GPU[4].SA[8].CU[1].SIMD0, busy_time, 0.000000000000
2875, GPU[4].SA[8].CU[1].SIMD1, busy_time, 0.000000000000
2876, GPU[4].SA[8].CU[1].SIMD2, busy_time, 0.000000000000
2877, GPU[4].SA[8].CU[1].SIMD3, busy_time, 0.000000000000
2878, GPU[4].SA[8].CU[2].SIMD0, busy_time, 0.000000000000
2879, GPU[4].SA[8].CU[2].SIMD1, busy_time, 0.000000000000
2880, GPU[4].SA[8].CU[2].SIMD2, busy_time, 0.000000000000
2881, GPU[4].SA[8].CU[2].SIMD3, busy_time, 0.000000000000
2882, GPU[4].SA[8].CU[3].SIMD0, busy_time, 0.000000000000
2883, GPU[4].SA[8].CU[3].SIMD1, busy_time, 0.000000000000
2884, GPU[4].SA[8].CU[3].SIMD2, busy_time, 0.000000000000
2885, GPU[4].SA[8].CU[3].SIMD3, busy_time, 0.000000000000
2886, GPU[4].SA[9].CU[0].SIMD0, busy_time, 0.000000000000
2887, GPU[4].SA[9].CU[0].SIMD1, busy_time, 0.000000000000
2888, GPU[4].SA[9].CU[0].SIMD2, busy_time, 0.000000000000
2889, GPU[4].SA[9].CU[0].SIMD3, busy_time, 0.000000000000
2890, GPU[4].SA[9].CU[1].SIMD0, busy_time, 0.000000000000
2891, GPU[4].SA[9].CU[1].SIMD1, busy_time, 0.000000000000
2892, GPU[4].SA[9].CU[1].SIMD2, busy_time, 0.000000000000
2893, GPU[4].SA[9].CU[1].SIMD3, busy_time, 0.000000000000
2894, GPU[4].SA[9].CU[2].SIMD0, busy_time, 0.000000000000
2895, GPU[4].SA[9].CU[2].SIMD1, busy_time, 0.000000000000
2896, GPU[4].SA[9].CU[2].SIMD2, busy_time, 0.000000000000
2897, GPU[4].SA[9].CU[2].SIMD3, busy_time, 0.000000000000
2898, GPU[4].SA[9].CU[3].SIMD0, busy_time, 0.000000000000
2899, GPU[4].SA[9].CU[3].SIMD1, busy_time, 0.000000000000
2900, GPU[4].SA[9].CU[3].SIMD2, busy_time, 0.000000000000
2901, GPU[4].SA[9].CU[3].SIMD3, busy_time, 0.000000000000
2902, GPU[4].SA[10].CU[0].SIMD0, busy_time, 0.000000000000
2903, GPU[4].SA[10].CU[0].SIMD1, busy_time, 0.000000000000
2904, GPU[4].SA[10].CU[0].SIMD2, busy_time, 0.000000000000
2905, GPU[4].SA[10].CU[0].SIMD3, busy_time, 0.000000000000
2906, GPU[4].SA[10].CU[1].SIMD0, busy_time, 0.000000000000
2907, GPU[4].SA[10].CU[1].SIMD1, busy_time, 0.000000000000
2908, GPU[4].SA[10].CU[1].SIMD2, busy_time, 0.000000000000
2909, GPU[4].SA[10].CU[1].SIMD3, busy_time, 0.000000000000
2910, GPU[4].SA[10].CU[2].SIMD0, busy_time, 0.000000000000
2911, GPU[4].SA[10].CU[2].SIMD1, busy_time, 0.000000000000
2912, GPU[4].SA[10].CU[2].SIMD2, busy_time, 0.000000000000
2913, GPU[4].SA[10].CU[2].SIMD3, busy_time, 0.000000000000
2914, GPU[4].SA[10].CU[3].SIMD0, busy_time, 0.000000000000
2915, GPU[4].SA[10].CU[3].SIMD1, busy_time, 0.000000000000
2916, GPU[4].SA[10].CU[3].SIMD2, busy_time, 0.000000000000
2917, GPU[4].SA[10].CU[3].SIMD3, busy_time, 0.000000000000
2918, GPU[4].SA[11].CU[0].SIMD0, busy_time, 0.000000000000
2919, GPU[4].SA[11].CU[0].SIMD1, busy_time, 0.000000000000
2920, GPU[4].SA[11].CU[0].SIMD2, busy_time, 0.000000000000
2921, GPU[4].SA[11].CU[0].SIMD3, busy_time, 0.000000000000
2922, GPU[4].SA[11].CU[1].SIMD0, busy_time, 0.000000000000
2923, GPU[4].SA[11].CU[1].SIMD1, busy_time, 0.000000000000
2924, GPU[4].SA[11].CU[1].SIMD2, busy_time, 0.000000000000
2925, GPU[4].SA[11].CU[1].SIMD3, busy_time, 0.000000000000
2926, GPU[4].SA[11].CU[2].SIMD0, busy_time, 0.000000000000
2927, GPU[4].SA[11].CU[2].SIMD1, busy_time, 0.000000000000
2928, GPU[4].SA[11].CU[2].SIMD2, busy_time, 0.000000000000
2929, GPU[4].SA[11].CU[2].SIMD3, busy_time, 0.000000000000
2930, GPU[4].SA[11].CU[3].SIMD0, busy_time, 0.000000000000
2931, GPU[4].SA[11].CU[3].SIMD1, busy_time, 0.000000000000
2932, GPU[4].SA[11].CU[3].SIMD2, busy_time, 0.000000000000
2933, GPU[4].SA[11].CU[3].SIMD3, busy_time, 0.000000000000
2934, GPU[4].SA[12].CU[0].SIMD0, busy_time, 0.000000000000
2935, GPU[4].SA[12].CU[0].SIMD1, busy_time, 0.000000000000
2936, GPU[4].SA[12].CU[0].SIMD2, busy_time, 0.000000000000
2937, GPU[4].SA[12].CU[0].SIMD3, busy_time, 0.000000000000
2938, GPU[4].SA[12].CU[1].SIMD0, busy_time, 0.000000000000
2939, GPU[4].SA[12].CU[1].SIMD1, busy_time, 0.000000000000
2940, GPU[4].SA[12].CU[1].SIMD2, busy_time, 0.000000000000
2941, GPU[4].SA[12].CU[1].SIMD3, busy_time, 0.000000000000
2942, GPU[4].SA[12].CU[2].SIMD0, busy_time, 0.000000000000
2943, GPU[4].SA[12].CU[2].SIMD1, busy_time, 0.000000000000
2944, GPU[4].SA[12].CU[2].SIMD2, busy_time, 0.000000000000
2945, GPU[4].SA[12].CU[2].SIMD3, busy_time, 0.000000000000
2946, GPU[4].SA[12].CU[3].SIMD0, busy_time, 0.000000000000
2947, GPU[4].SA[12].CU[3].SIMD1, busy_time, 0.000000000000
2948, GPU[4].SA[12].CU[3].SIMD2, busy_time, 0.000000000000
2949, GPU[4].SA[12].CU[3].SIMD3, busy_time, 0.000000000000
2950, GPU[4].SA[13].CU[0].SIMD0, busy_time, 0.000000000000
2951, GPU[4].SA[13].CU[0].SIMD1, busy_time, 0.000000000000
2952, GPU[4].SA[13].CU[0].SIMD2, busy_time, 0.000000000000
2953, GPU[4].SA[13].CU[0].SIMD3, busy_time, 0.000000000000
2954, GPU[4].SA[13].CU[1].SIMD0, busy_time, 0.000000000000
2955, GPU[4].SA[13].CU[1].SIMD1, busy_time, 0.000000000000
2956, GPU[4].SA[13].CU[1].SIMD2, busy_time, 0.000000000000
2957, GPU[4].SA[13].CU[1].SIMD3, busy_time, 0.000000000000
2958, GPU[4].SA[13].CU[2].SIMD0, busy_time, 0.000000000000
2959, GPU[4].SA[13].CU[2].SIMD1, busy_time, 0.000000000000
2960, GPU[4].SA[13].CU[2].SIMD2, busy_time, 0.000000000000
2961, GPU[4].SA[13].CU[2].SIMD3, busy_time, 0.000000000000
2962, GPU[4].SA[13].CU[3].SIMD0, busy_time, 0.000000000000
2963, GPU[4].SA[13].CU[3].SIMD1, busy_time, 0.000000000000
2964, GPU[4].SA[13].CU[3].SIMD2, busy_time, 0.000000000000
2965, GPU[4].SA[13].CU[3].SIMD3, busy_time, 0.000000000000
2966, GPU[4].SA[14].CU[0].SIMD0, busy_time, 0.000000000000
2967, GPU[4].SA[14].CU[0].SIMD1, busy_time, 0.000000000000
2968, GPU[4].SA[14].CU[0].SIMD2, busy_time, 0.000000000000
2969, GPU[4].SA[14].CU[0].SIMD3, busy_time, 0.000000000000
2970, GPU[4].SA[14].CU[1].SIMD0, busy_time, 0.000000000000
2971, GPU[4].SA[14].CU[1].SIMD1, busy_time, 0.000000000000
2972, GPU[4].SA[14].CU[1].SIMD2, busy_time, 0.000000000000
2973, GPU[4].SA[14].CU[1].SIMD3, busy_time, 0.000000000000
2974, GPU[4].SA[14].CU[2].SIMD0, busy_time, 0.000000000000
2975, GPU[4].SA[14].CU[2].SIMD1, busy_time, 0.000000000000
2976, GPU[4].SA[14].CU[2].SIMD2, busy_time, 0.000000000000
2977, GPU[4].SA[14].CU[2].SIMD3, busy_time, 0.000000000000
2978, GPU[4].SA[14].CU[3].SIMD0, busy_time, 0.000000000000
2979, GPU[4].SA[14].CU[3].SIMD1, busy_time, 0.000000000000
2980, GPU[4].SA[14].CU[3].SIMD2, busy_time, 0.000000000000
2981, GPU[4].SA[14].CU[3].SIMD3, busy_time, 0.000000000000
2982, GPU[4].SA[15].CU[0].SIMD0, busy_time, 0.000000000000
2983, GPU[4].SA[15].CU[0].SIMD1, busy_time, 0.000000000000
2984, GPU[4].SA[15].CU[0].SIMD2, busy_time, 0.000000000000
2985, GPU[4].SA[15].CU[0].SIMD3, busy_time, 0.000000000000
2986, GPU[4].SA[15].CU[1].SIMD0, busy_time, 0.000000000000
2987, GPU[4].SA[15].CU[1].SIMD1, busy_time, 0.000000000000
2988, GPU[4].SA[15].CU[1].SIMD2, busy_time, 0.000000000000
2989, GPU[4].SA[15].CU[1].SIMD3, busy_time, 0.000000000000
2990, GPU[4].SA[15].CU[2].SIMD0, busy_time, 0.000000000000
2991, GPU[4].SA[15].CU[2].SIMD1, busy_time, 0.000000000000
2992, GPU[4].SA[15].CU[2].SIMD2, busy_time, 0.000000000000
2993, GPU[4].SA[15].CU[2].SIMD3, busy_time, 0.000000000000
2994, GPU[4].SA[15].CU[3].SIMD0, busy_time, 0.000000000000
2995, GPU[4].SA[15].CU[3].SIMD1, busy_time, 0.000000000000
2996, GPU[4].SA[15].CU[3].SIMD2, busy_time, 0.000000000000
2997, GPU[4].SA[15].CU[3].SIMD3, busy_time, 0.000000000000
2998, GPU[1].SA[0].L1ICache, req_average_latency, 0.000000014290
2999, GPU[1].SA[0].L1SCache, req_average_latency, 0.000000038125
3000, GPU[1].SA[0].L1VCache[0], req_average_latency, 0.000000366462
3001, GPU[1].SA[0].L1VCache[1], req_average_latency, 0.000000368138
3002, GPU[1].L2[0], req_average_latency, 0.000000030356
3003, GPU[1].L2[1], req_average_latency, 0.000000029000
3004, GPU[1].L2[2], req_average_latency, 0.000000029873
3005, GPU[1].L2[3], req_average_latency, 0.000000029873
3006, GPU[1].L2[4], req_average_latency, 0.000000029891
3007, GPU[1].L2[5], req_average_latency, 0.000000029909
3008, GPU[1].L2[6], req_average_latency, 0.000000029873
3009, GPU[1].L2[7], req_average_latency, 0.000000029873
3010, GPU[1].L2[8], req_average_latency, 0.000000030109
3011, GPU[1].L2[9], req_average_latency, 0.000000029800
3012, GPU[1].L2[10], req_average_latency, 0.000000029891
3013, GPU[1].L2[11], req_average_latency, 0.000000029891
3014, GPU[1].L2[12], req_average_latency, 0.000000029891
3015, GPU[1].L2[13], req_average_latency, 0.000000029891
3016, GPU[1].L2[14], req_average_latency, 0.000000029873
3017, GPU[1].L2[15], req_average_latency, 0.000000029891
3018, GPU[2].SA[0].L1ICache, req_average_latency, 0.000000013931
3019, GPU[2].SA[0].L1SCache, req_average_latency, 0.000000038125
3020, GPU[2].SA[0].L1VCache[0], req_average_latency, 0.000000400111
3021, GPU[2].SA[0].L1VCache[1], req_average_latency, 0.000000403938
3022, GPU[2].L2[0], req_average_latency, 0.000000031778
3023, GPU[2].L2[1], req_average_latency, 0.000000029524
3024, GPU[2].L2[2], req_average_latency, 0.000000031652
3025, GPU[2].L2[3], req_average_latency, 0.000000031522
3026, GPU[2].L2[4], req_average_latency, 0.000000031565
3027, GPU[2].L2[5], req_average_latency, 0.000000031565
3028, GPU[2].L2[6], req_average_latency, 0.000000031565
3029, GPU[2].L2[7], req_average_latency, 0.000000031435
3030, GPU[2].L2[8], req_average_latency, 0.000000031478
3031, GPU[2].L2[9], req_average_latency, 0.000000031435
3032, GPU[2].L2[10], req_average_latency, 0.000000031565
3033, GPU[2].L2[11], req_average_latency, 0.000000031565
3034, GPU[2].L2[12], req_average_latency, 0.000000031565
3035, GPU[2].L2[13], req_average_latency, 0.000000031522
3036, GPU[2].L2[14], req_average_latency, 0.000000031522
3037, GPU[2].L2[15], req_average_latency, 0.000000031565
3038, GPU[3].SA[0].L1ICache, req_average_latency, 0.000000013763
3039, GPU[3].SA[0].L1SCache, req_average_latency, 0.000000038125
3040, GPU[3].SA[0].L1VCache[0], req_average_latency, 0.000000563889
3041, GPU[3].SA[0].L1VCache[1], req_average_latency, 0.000000567391
3042, GPU[3].L2[0], req_average_latency, 0.000000031815
3043, GPU[3].L2[1], req_average_latency, 0.000000029524
3044, GPU[3].L2[2], req_average_latency, 0.000000031478
3045, GPU[3].L2[3], req_average_latency, 0.000000031391
3046, GPU[3].L2[4], req_average_latency, 0.000000031435
3047, GPU[3].L2[5], req_average_latency, 0.000000031391
3048, GPU[3].L2[6], req_average_latency, 0.000000031478
3049, GPU[3].L2[7], req_average_latency, 0.000000031478
3050, GPU[3].L2[8], req_average_latency, 0.000000031478
3051, GPU[3].L2[9], req_average_latency, 0.000000031435
3052, GPU[3].L2[10], req_average_latency, 0.000000031522
3053, GPU[3].L2[11], req_average_latency, 0.000000031478
3054, GPU[3].L2[12], req_average_latency, 0.000000031522
3055, GPU[3].L2[13], req_average_latency, 0.000000031522
3056, GPU[3].L2[14], req_average_latency, 0.000000031478
3057, GPU[3].L2[15], req_average_latency, 0.000000031435
3058, GPU[4].SA[0].L1ICache, req_average_latency, 0.000000014173
3059, GPU[4].SA[0].L1SCache, req_average_latency, 0.000000038125
3060, GPU[4].SA[0].L1VCache[0], req_average_latency, 0.000000564818
3061, GPU[4].SA[0].L1VCache[1], req_average_latency, 0.000000569822
3062, GPU[4].L2[0], req_average_latency, 0.000000031741
3063, GPU[4].L2[1], req_average_latency, 0.000000029429
3064, GPU[4].L2[2], req_average_latency, 0.000000031435
3065, GPU[4].L2[3], req_average_latency, 0.000000031435
3066, GPU[4].L2[4], req_average_latency, 0.000000031304
3067, GPU[4].L2[5], req_average_latency, 0.000000031478
3068, GPU[4].L2[6], req_average_latency, 0.000000031522
3069, GPU[4].L2[7], req_average_latency, 0.000000031435
3070, GPU[4].L2[8], req_average_latency, 0.000000031522
3071, GPU[4].L2[9], req_average_latency, 0.000000031565
3072, GPU[4].L2[10], req_average_latency, 0.000000031435
3073, GPU[4].L2[11], req_average_latency, 0.000000031435
3074, GPU[4].L2[12], req_average_latency, 0.000000031348
3075, GPU[4].L2[13], req_average_latency, 0.000000031348
3076, GPU[4].L2[14], req_average_latency, 0.000000031391
3077, GPU[4].L2[15], req_average_latency, 0.000000031435
3078, GPU[1].SA[0].L1VCache[0], read-hit, 0.000000000000
3079, GPU[1].SA[0].L1VCache[0], read-miss, 193.000000000000
3080, GPU[1].SA[0].L1VCache[0], read-mshr-hit, 0.000000000000
3081, GPU[1].SA[0].L1VCache[0], write-hit, 0.000000000000
3082, GPU[1].SA[0].L1VCache[0], write-miss, 32.000000000000
3083, GPU[1].SA[0].L1VCache[0], write-mshr-hit, 0.000000000000
3084, GPU[1].SA[0].L1VCache[1], read-hit, 0.000000000000
3085, GPU[1].SA[0].L1VCache[1], read-miss, 193.000000000000
3086, GPU[1].SA[0].L1VCache[1], read-mshr-hit, 0.000000000000
3087, GPU[1].SA[0].L1VCache[1], write-hit, 0.000000000000
3088, GPU[1].SA[0].L1VCache[1], write-miss, 32.000000000000
3089, GPU[1].SA[0].L1VCache[1], write-mshr-hit, 0.000000000000
3090, GPU[1].SA[0].L1SCache, read-hit, 6.000000000000
3091, GPU[1].SA[0].L1SCache, read-miss, 2.000000000000
3092, GPU[1].SA[0].L1SCache, read-mshr-hit, 0.000000000000
3093, GPU[1].SA[0].L1SCache, write-hit, 0.000000000000
3094, GPU[1].SA[0].L1SCache, write-miss, 0.000000000000
3095, GPU[1].SA[0].L1SCache, write-mshr-hit, 0.000000000000
3096, GPU[1].SA[0].L1ICache, read-hit, 445.000000000000
3097, GPU[1].SA[0].L1ICache, read-miss, 30.000000000000
3098, GPU[1].SA[0].L1ICache, read-mshr-hit, 0.000000000000
3099, GPU[1].SA[0].L1ICache, write-hit, 0.000000000000
3100, GPU[1].SA[0].L1ICache, write-miss, 0.000000000000
3101, GPU[1].SA[0].L1ICache, write-mshr-hit, 0.000000000000
3102, GPU[1].L2[0], read-hit, 38.000000000000
3103, GPU[1].L2[0], read-miss, 12.000000000000
3104, GPU[1].L2[0], read-mshr-hit, 0.000000000000
3105, GPU[1].L2[0], write-hit, 0.000000000000
3106, GPU[1].L2[0], write-miss, 4.000000000000
3107, GPU[1].L2[0], write-mshr-hit, 0.000000000000
3108, GPU[1].L2[1], read-hit, 36.000000000000
3109, GPU[1].L2[1], read-miss, 8.000000000000
3110, GPU[1].L2[1], read-mshr-hit, 0.000000000000
3111, GPU[1].L2[1], write-hit, 0.000000000000
3112, GPU[1].L2[1], write-miss, 4.000000000000
3113, GPU[1].L2[1], write-mshr-hit, 0.000000000000
3114, GPU[1].L2[2], read-hit, 36.000000000000
3115, GPU[1].L2[2], read-miss, 10.000000000000
3116, GPU[1].L2[2], read-mshr-hit, 0.000000000000
3117, GPU[1].L2[2], write-hit, 0.000000000000
3118, GPU[1].L2[2], write-miss, 4.000000000000
3119, GPU[1].L2[2], write-mshr-hit, 0.000000000000
3120, GPU[1].L2[3], read-hit, 36.000000000000
3121, GPU[1].L2[3], read-miss, 10.000000000000
3122, GPU[1].L2[3], read-mshr-hit, 0.000000000000
3123, GPU[1].L2[3], write-hit, 0.000000000000
3124, GPU[1].L2[3], write-miss, 4.000000000000
3125, GPU[1].L2[3], write-mshr-hit, 0.000000000000
3126, GPU[1].L2[4], read-hit, 36.000000000000
3127, GPU[1].L2[4], read-miss, 10.000000000000
3128, GPU[1].L2[4], read-mshr-hit, 0.000000000000
3129, GPU[1].L2[4], write-hit, 0.000000000000
3130, GPU[1].L2[4], write-miss, 4.000000000000
3131, GPU[1].L2[4], write-mshr-hit, 0.000000000000
3132, GPU[1].L2[5], read-hit, 36.000000000000
3133, GPU[1].L2[5], read-miss, 10.000000000000
3134, GPU[1].L2[5], read-mshr-hit, 0.000000000000
3135, GPU[1].L2[5], write-hit, 0.000000000000
3136, GPU[1].L2[5], write-miss, 4.000000000000
3137, GPU[1].L2[5], write-mshr-hit, 0.000000000000
3138, GPU[1].L2[6], read-hit, 36.000000000000
3139, GPU[1].L2[6], read-miss, 10.000000000000
3140, GPU[1].L2[6], read-mshr-hit, 0.000000000000
3141, GPU[1].L2[6], write-hit, 0.000000000000
3142, GPU[1].L2[6], write-miss, 4.000000000000
3143, GPU[1].L2[6], write-mshr-hit, 0.000000000000
3144, GPU[1].L2[7], read-hit, 36.000000000000
3145, GPU[1].L2[7], read-miss, 10.000000000000
3146, GPU[1].L2[7], read-mshr-hit, 0.000000000000
3147, GPU[1].L2[7], write-hit, 0.000000000000
3148, GPU[1].L2[7], write-miss, 4.000000000000
3149, GPU[1].L2[7], write-mshr-hit, 0.000000000000
3150, GPU[1].L2[8], read-hit, 36.000000000000
3151, GPU[1].L2[8], read-miss, 10.000000000000
3152, GPU[1].L2[8], read-mshr-hit, 0.000000000000
3153, GPU[1].L2[8], write-hit, 0.000000000000
3154, GPU[1].L2[8], write-miss, 4.000000000000
3155, GPU[1].L2[8], write-mshr-hit, 0.000000000000
3156, GPU[1].L2[9], read-hit, 36.000000000000
3157, GPU[1].L2[9], read-miss, 10.000000000000
3158, GPU[1].L2[9], read-mshr-hit, 0.000000000000
3159, GPU[1].L2[9], write-hit, 0.000000000000
3160, GPU[1].L2[9], write-miss, 4.000000000000
3161, GPU[1].L2[9], write-mshr-hit, 0.000000000000
3162, GPU[1].L2[10], read-hit, 36.000000000000
3163, GPU[1].L2[10], read-miss, 10.000000000000
3164, GPU[1].L2[10], read-mshr-hit, 0.000000000000
3165, GPU[1].L2[10], write-hit, 0.000000000000
3166, GPU[1].L2[10], write-miss, 4.000000000000
3167, GPU[1].L2[10], write-mshr-hit, 0.000000000000
3168, GPU[1].L2[11], read-hit, 36.000000000000
3169, GPU[1].L2[11], read-miss, 10.000000000000
3170, GPU[1].L2[11], read-mshr-hit, 0.000000000000
3171, GPU[1].L2[11], write-hit, 0.000000000000
3172, GPU[1].L2[11], write-miss, 4.000000000000
3173, GPU[1].L2[11], write-mshr-hit, 0.000000000000
3174, GPU[1].L2[12], read-hit, 36.000000000000
3175, GPU[1].L2[12], read-miss, 10.000000000000
3176, GPU[1].L2[12], read-mshr-hit, 0.000000000000
3177, GPU[1].L2[12], write-hit, 0.000000000000
3178, GPU[1].L2[12], write-miss, 4.000000000000
3179, GPU[1].L2[12], write-mshr-hit, 0.000000000000
3180, GPU[1].L2[13], read-hit, 36.000000000000
3181, GPU[1].L2[13], read-miss, 10.000000000000
3182, GPU[1].L2[13], read-mshr-hit, 0.000000000000
3183, GPU[1].L2[13], write-hit, 0.000000000000
3184, GPU[1].L2[13], write-miss, 4.000000000000
3185, GPU[1].L2[13], write-mshr-hit, 0.000000000000
3186, GPU[1].L2[14], read-hit, 36.000000000000
3187, GPU[1].L2[14], read-miss, 10.000000000000
3188, GPU[1].L2[14], read-mshr-hit, 0.000000000000
3189, GPU[1].L2[14], write-hit, 0.000000000000
3190, GPU[1].L2[14], write-miss, 4.000000000000
3191, GPU[1].L2[14], write-mshr-hit, 0.000000000000
3192, GPU[1].L2[15], read-hit, 36.000000000000
3193, GPU[1].L2[15], read-miss, 10.000000000000
3194, GPU[1].L2[15], read-mshr-hit, 0.000000000000
3195, GPU[1].L2[15], write-hit, 0.000000000000
3196, GPU[1].L2[15], write-miss, 4.000000000000
3197, GPU[1].L2[15], write-mshr-hit, 0.000000000000
3198, GPU[2].SA[0].L1VCache[0], read-hit, 0.000000000000
3199, GPU[2].SA[0].L1VCache[0], read-miss, 193.000000000000
3200, GPU[2].SA[0].L1VCache[0], read-mshr-hit, 0.000000000000
3201, GPU[2].SA[0].L1VCache[0], write-hit, 0.000000000000
3202, GPU[2].SA[0].L1VCache[0], write-miss, 32.000000000000
3203, GPU[2].SA[0].L1VCache[0], write-mshr-hit, 0.000000000000
3204, GPU[2].SA[0].L1VCache[1], read-hit, 0.000000000000
3205, GPU[2].SA[0].L1VCache[1], read-miss, 193.000000000000
3206, GPU[2].SA[0].L1VCache[1], read-mshr-hit, 0.000000000000
3207, GPU[2].SA[0].L1VCache[1], write-hit, 0.000000000000
3208, GPU[2].SA[0].L1VCache[1], write-miss, 32.000000000000
3209, GPU[2].SA[0].L1VCache[1], write-mshr-hit, 0.000000000000
3210, GPU[2].SA[0].L1SCache, read-hit, 6.000000000000
3211, GPU[2].SA[0].L1SCache, read-miss, 2.000000000000
3212, GPU[2].SA[0].L1SCache, read-mshr-hit, 0.000000000000
3213, GPU[2].SA[0].L1SCache, write-hit, 0.000000000000
3214, GPU[2].SA[0].L1SCache, write-miss, 0.000000000000
3215, GPU[2].SA[0].L1SCache, write-mshr-hit, 0.000000000000
3216, GPU[2].SA[0].L1ICache, read-hit, 447.000000000000
3217, GPU[2].SA[0].L1ICache, read-miss, 30.000000000000
3218, GPU[2].SA[0].L1ICache, read-mshr-hit, 0.000000000000
3219, GPU[2].SA[0].L1ICache, write-hit, 0.000000000000
3220, GPU[2].SA[0].L1ICache, write-miss, 0.000000000000
3221, GPU[2].SA[0].L1ICache, write-mshr-hit, 0.000000000000
3222, GPU[2].L2[0], read-hit, 14.000000000000
3223, GPU[2].L2[0], read-miss, 8.000000000000
3224, GPU[2].L2[0], read-mshr-hit, 0.000000000000
3225, GPU[2].L2[0], write-hit, 0.000000000000
3226, GPU[2].L2[0], write-miss, 4.000000000000
3227, GPU[2].L2[0], write-mshr-hit, 0.000000000000
3228, GPU[2].L2[1], read-hit, 12.000000000000
3229, GPU[2].L2[1], read-miss, 4.000000000000
3230, GPU[2].L2[1], read-mshr-hit, 0.000000000000
3231, GPU[2].L2[1], write-hit, 0.000000000000
3232, GPU[2].L2[1], write-miss, 4.000000000000
3233, GPU[2].L2[1], write-mshr-hit, 0.000000000000
3234, GPU[2].L2[2], read-hit, 12.000000000000
3235, GPU[2].L2[2], read-miss, 6.000000000000
3236, GPU[2].L2[2], read-mshr-hit, 0.000000000000
3237, GPU[2].L2[2], write-hit, 0.000000000000
3238, GPU[2].L2[2], write-miss, 4.000000000000
3239, GPU[2].L2[2], write-mshr-hit, 0.000000000000
3240, GPU[2].L2[3], read-hit, 12.000000000000
3241, GPU[2].L2[3], read-miss, 6.000000000000
3242, GPU[2].L2[3], read-mshr-hit, 0.000000000000
3243, GPU[2].L2[3], write-hit, 0.000000000000
3244, GPU[2].L2[3], write-miss, 4.000000000000
3245, GPU[2].L2[3], write-mshr-hit, 0.000000000000
3246, GPU[2].L2[4], read-hit, 12.000000000000
3247, GPU[2].L2[4], read-miss, 6.000000000000
3248, GPU[2].L2[4], read-mshr-hit, 0.000000000000
3249, GPU[2].L2[4], write-hit, 0.000000000000
3250, GPU[2].L2[4], write-miss, 4.000000000000
3251, GPU[2].L2[4], write-mshr-hit, 0.000000000000
3252, GPU[2].L2[5], read-hit, 12.000000000000
3253, GPU[2].L2[5], read-miss, 6.000000000000
3254, GPU[2].L2[5], read-mshr-hit, 0.000000000000
3255, GPU[2].L2[5], write-hit, 0.000000000000
3256, GPU[2].L2[5], write-miss, 4.000000000000
3257, GPU[2].L2[5], write-mshr-hit, 0.000000000000
3258, GPU[2].L2[6], read-hit, 12.000000000000
3259, GPU[2].L2[6], read-miss, 6.000000000000
3260, GPU[2].L2[6], read-mshr-hit, 0.000000000000
3261, GPU[2].L2[6], write-hit, 0.000000000000
3262, GPU[2].L2[6], write-miss, 4.000000000000
3263, GPU[2].L2[6], write-mshr-hit, 0.000000000000
3264, GPU[2].L2[7], read-hit, 12.000000000000
3265, GPU[2].L2[7], read-miss, 6.000000000000
3266, GPU[2].L2[7], read-mshr-hit, 0.000000000000
3267, GPU[2].L2[7], write-hit, 0.000000000000
3268, GPU[2].L2[7], write-miss, 4.000000000000
3269, GPU[2].L2[7], write-mshr-hit, 0.000000000000
3270, GPU[2].L2[8], read-hit, 12.000000000000
3271, GPU[2].L2[8], read-miss, 6.000000000000
3272, GPU[2].L2[8], read-mshr-hit, 0.000000000000
3273, GPU[2].L2[8], write-hit, 0.000000000000
3274, GPU[2].L2[8], write-miss, 4.000000000000
3275, GPU[2].L2[8], write-mshr-hit, 0.000000000000
3276, GPU[2].L2[9], read-hit, 12.000000000000
3277, GPU[2].L2[9], read-miss, 6.000000000000
3278, GPU[2].L2[9], read-mshr-hit, 0.000000000000
3279, GPU[2].L2[9], write-hit, 0.000000000000
3280, GPU[2].L2[9], write-miss, 4.000000000000
3281, GPU[2].L2[9], write-mshr-hit, 0.000000000000
3282, GPU[2].L2[10], read-hit, 12.000000000000
3283, GPU[2].L2[10], read-miss, 6.000000000000
3284, GPU[2].L2[10], read-mshr-hit, 0.000000000000
3285, GPU[2].L2[10], write-hit, 0.000000000000
3286, GPU[2].L2[10], write-miss, 4.000000000000
3287, GPU[2].L2[10], write-mshr-hit, 0.000000000000
3288, GPU[2].L2[11], read-hit, 12.000000000000
3289, GPU[2].L2[11], read-miss, 6.000000000000
3290, GPU[2].L2[11], read-mshr-hit, 0.000000000000
3291, GPU[2].L2[11], write-hit, 0.000000000000
3292, GPU[2].L2[11], write-miss, 4.000000000000
3293, GPU[2].L2[11], write-mshr-hit, 0.000000000000
3294, GPU[2].L2[12], read-hit, 12.000000000000
3295, GPU[2].L2[12], read-miss, 6.000000000000
3296, GPU[2].L2[12], read-mshr-hit, 0.000000000000
3297, GPU[2].L2[12], write-hit, 0.000000000000
3298, GPU[2].L2[12], write-miss, 4.000000000000
3299, GPU[2].L2[12], write-mshr-hit, 0.000000000000
3300, GPU[2].L2[13], read-hit, 12.000000000000
3301, GPU[2].L2[13], read-miss, 6.000000000000
3302, GPU[2].L2[13], read-mshr-hit, 0.000000000000
3303, GPU[2].L2[13], write-hit, 0.000000000000
3304, GPU[2].L2[13], write-miss, 4.000000000000
3305, GPU[2].L2[13], write-mshr-hit, 0.000000000000
3306, GPU[2].L2[14], read-hit, 12.000000000000
3307, GPU[2].L2[14], read-miss, 6.000000000000
3308, GPU[2].L2[14], read-mshr-hit, 0.000000000000
3309, GPU[2].L2[14], write-hit, 0.000000000000
3310, GPU[2].L2[14], write-miss, 4.000000000000
3311, GPU[2].L2[14], write-mshr-hit, 0.000000000000
3312, GPU[2].L2[15], read-hit, 12.000000000000
3313, GPU[2].L2[15], read-miss, 6.000000000000
3314, GPU[2].L2[15], read-mshr-hit, 0.000000000000
3315, GPU[2].L2[15], write-hit, 0.000000000000
3316, GPU[2].L2[15], write-miss, 4.000000000000
3317, GPU[2].L2[15], write-mshr-hit, 0.000000000000
3318, GPU[3].SA[0].L1VCache[0], read-hit, 0.000000000000
3319, GPU[3].SA[0].L1VCache[0], read-miss, 193.000000000000
3320, GPU[3].SA[0].L1VCache[0], read-mshr-hit, 0.000000000000
3321, GPU[3].SA[0].L1VCache[0], write-hit, 0.000000000000
3322, GPU[3].SA[0].L1VCache[0], write-miss, 32.000000000000
3323, GPU[3].SA[0].L1VCache[0], write-mshr-hit, 0.000000000000
3324, GPU[3].SA[0].L1VCache[1], read-hit, 0.000000000000
3325, GPU[3].SA[0].L1VCache[1], read-miss, 193.000000000000
3326, GPU[3].SA[0].L1VCache[1], read-mshr-hit, 0.000000000000
3327, GPU[3].SA[0].L1VCache[1], write-hit, 0.000000000000
3328, GPU[3].SA[0].L1VCache[1], write-miss, 32.000000000000
3329, GPU[3].SA[0].L1VCache[1], write-mshr-hit, 0.000000000000
3330, GPU[3].SA[0].L1SCache, read-hit, 6.000000000000
3331, GPU[3].SA[0].L1SCache, read-miss, 2.000000000000
3332, GPU[3].SA[0].L1SCache, read-mshr-hit, 0.000000000000
3333, GPU[3].SA[0].L1SCache, write-hit, 0.000000000000
3334, GPU[3].SA[0].L1SCache, write-miss, 0.000000000000
3335, GPU[3].SA[0].L1SCache, write-mshr-hit, 0.000000000000
3336, GPU[3].SA[0].L1ICache, read-hit, 447.000000000000
3337, GPU[3].SA[0].L1ICache, read-miss, 30.000000000000
3338, GPU[3].SA[0].L1ICache, read-mshr-hit, 0.000000000000
3339, GPU[3].SA[0].L1ICache, write-hit, 0.000000000000
3340, GPU[3].SA[0].L1ICache, write-miss, 0.000000000000
3341, GPU[3].SA[0].L1ICache, write-mshr-hit, 0.000000000000
3342, GPU[3].L2[0], read-hit, 14.000000000000
3343, GPU[3].L2[0], read-miss, 8.000000000000
3344, GPU[3].L2[0], read-mshr-hit, 0.000000000000
3345, GPU[3].L2[0], write-hit, 0.000000000000
3346, GPU[3].L2[0], write-miss, 4.000000000000
3347, GPU[3].L2[0], write-mshr-hit, 0.000000000000
3348, GPU[3].L2[1], read-hit, 12.000000000000
3349, GPU[3].L2[1], read-miss, 4.000000000000
3350, GPU[3].L2[1], read-mshr-hit, 0.000000000000
3351, GPU[3].L2[1], write-hit, 0.000000000000
3352, GPU[3].L2[1], write-miss, 4.000000000000
3353, GPU[3].L2[1], write-mshr-hit, 0.000000000000
3354, GPU[3].L2[2], read-hit, 12.000000000000
3355, GPU[3].L2[2], read-miss, 6.000000000000
3356, GPU[3].L2[2], read-mshr-hit, 0.000000000000
3357, GPU[3].L2[2], write-hit, 0.000000000000
3358, GPU[3].L2[2], write-miss, 4.000000000000
3359, GPU[3].L2[2], write-mshr-hit, 0.000000000000
3360, GPU[3].L2[3], read-hit, 12.000000000000
3361, GPU[3].L2[3], read-miss, 6.000000000000
3362, GPU[3].L2[3], read-mshr-hit, 0.000000000000
3363, GPU[3].L2[3], write-hit, 0.000000000000
3364, GPU[3].L2[3], write-miss, 4.000000000000
3365, GPU[3].L2[3], write-mshr-hit, 0.000000000000
3366, GPU[3].L2[4], read-hit, 12.000000000000
3367, GPU[3].L2[4], read-miss, 6.000000000000
3368, GPU[3].L2[4], read-mshr-hit, 0.000000000000
3369, GPU[3].L2[4], write-hit, 0.000000000000
3370, GPU[3].L2[4], write-miss, 4.000000000000
3371, GPU[3].L2[4], write-mshr-hit, 0.000000000000
3372, GPU[3].L2[5], read-hit, 12.000000000000
3373, GPU[3].L2[5], read-miss, 6.000000000000
3374, GPU[3].L2[5], read-mshr-hit, 0.000000000000
3375, GPU[3].L2[5], write-hit, 0.000000000000
3376, GPU[3].L2[5], write-miss, 4.000000000000
3377, GPU[3].L2[5], write-mshr-hit, 0.000000000000
3378, GPU[3].L2[6], read-hit, 12.000000000000
3379, GPU[3].L2[6], read-miss, 6.000000000000
3380, GPU[3].L2[6], read-mshr-hit, 0.000000000000
3381, GPU[3].L2[6], write-hit, 0.000000000000
3382, GPU[3].L2[6], write-miss, 4.000000000000
3383, GPU[3].L2[6], write-mshr-hit, 0.000000000000
3384, GPU[3].L2[7], read-hit, 12.000000000000
3385, GPU[3].L2[7], read-miss, 6.000000000000
3386, GPU[3].L2[7], read-mshr-hit, 0.000000000000
3387, GPU[3].L2[7], write-hit, 0.000000000000
3388, GPU[3].L2[7], write-miss, 4.000000000000
3389, GPU[3].L2[7], write-mshr-hit, 0.000000000000
3390, GPU[3].L2[8], read-hit, 12.000000000000
3391, GPU[3].L2[8], read-miss, 6.000000000000
3392, GPU[3].L2[8], read-mshr-hit, 0.000000000000
3393, GPU[3].L2[8], write-hit, 0.000000000000
3394, GPU[3].L2[8], write-miss, 4.000000000000
3395, GPU[3].L2[8], write-mshr-hit, 0.000000000000
3396, GPU[3].L2[9], read-hit, 12.000000000000
3397, GPU[3].L2[9], read-miss, 6.000000000000
3398, GPU[3].L2[9], read-mshr-hit, 0.000000000000
3399, GPU[3].L2[9], write-hit, 0.000000000000
3400, GPU[3].L2[9], write-miss, 4.000000000000
3401, GPU[3].L2[9], write-mshr-hit, 0.000000000000
3402, GPU[3].L2[10], read-hit, 12.000000000000
3403, GPU[3].L2[10], read-miss, 6.000000000000
3404, GPU[3].L2[10], read-mshr-hit, 0.000000000000
3405, GPU[3].L2[10], write-hit, 0.000000000000
3406, GPU[3].L2[10], write-miss, 4.000000000000
3407, GPU[3].L2[10], write-mshr-hit, 0.000000000000
3408, GPU[3].L2[11], read-hit, 12.000000000000
3409, GPU[3].L2[11], read-miss, 6.000000000000
3410, GPU[3].L2[11], read-mshr-hit, 0.000000000000
3411, GPU[3].L2[11], write-hit, 0.000000000000
3412, GPU[3].L2[11], write-miss, 4.000000000000
3413, GPU[3].L2[11], write-mshr-hit, 0.000000000000
3414, GPU[3].L2[12], read-hit, 12.000000000000
3415, GPU[3].L2[12], read-miss, 6.000000000000
3416, GPU[3].L2[12], read-mshr-hit, 0.000000000000
3417, GPU[3].L2[12], write-hit, 0.000000000000
3418, GPU[3].L2[12], write-miss, 4.000000000000
3419, GPU[3].L2[12], write-mshr-hit, 0.000000000000
3420, GPU[3].L2[13], read-hit, 12.000000000000
3421, GPU[3].L2[13], read-miss, 6.000000000000
3422, GPU[3].L2[13], read-mshr-hit, 0.000000000000
3423, GPU[3].L2[13], write-hit, 0.000000000000
3424, GPU[3].L2[13], write-miss, 4.000000000000
3425, GPU[3].L2[13], write-mshr-hit, 0.000000000000
3426, GPU[3].L2[14], read-hit, 12.000000000000
3427, GPU[3].L2[14], read-miss, 6.000000000000
3428, GPU[3].L2[14], read-mshr-hit, 0.000000000000
3429, GPU[3].L2[14], write-hit, 0.000000000000
3430, GPU[3].L2[14], write-miss, 4.000000000000
3431, GPU[3].L2[14], write-mshr-hit, 0.000000000000
3432, GPU[3].L2[15], read-hit, 12.000000000000
3433, GPU[3].L2[15], read-miss, 6.000000000000
3434, GPU[3].L2[15], read-mshr-hit, 0.000000000000
3435, GPU[3].L2[15], write-hit, 0.000000000000
3436, GPU[3].L2[15], write-miss, 4.000000000000
3437, GPU[3].L2[15], write-mshr-hit, 0.000000000000
3438, GPU[4].SA[0].L1VCache[0], read-hit, 0.000000000000
3439, GPU[4].SA[0].L1VCache[0], read-miss, 193.000000000000
3440, GPU[4].SA[0].L1VCache[0], read-mshr-hit, 0.000000000000
3441, GPU[4].SA[0].L1VCache[0], write-hit, 0.000000000000
3442, GPU[4].SA[0].L1VCache[0], write-miss, 32.000000000000
3443, GPU[4].SA[0].L1VCache[0], write-mshr-hit, 0.000000000000
3444, GPU[4].SA[0].L1VCache[1], read-hit, 0.000000000000
3445, GPU[4].SA[0].L1VCache[1], read-miss, 193.000000000000
3446, GPU[4].SA[0].L1VCache[1], read-mshr-hit, 0.000000000000
3447, GPU[4].SA[0].L1VCache[1], write-hit, 0.000000000000
3448, GPU[4].SA[0].L1VCache[1], write-miss, 32.000000000000
3449, GPU[4].SA[0].L1VCache[1], write-mshr-hit, 0.000000000000
3450, GPU[4].SA[0].L1SCache, read-hit, 6.000000000000
3451, GPU[4].SA[0].L1SCache, read-miss, 2.000000000000
3452, GPU[4].SA[0].L1SCache, read-mshr-hit, 0.000000000000
3453, GPU[4].SA[0].L1SCache, write-hit, 0.000000000000
3454, GPU[4].SA[0].L1SCache, write-miss, 0.000000000000
3455, GPU[4].SA[0].L1SCache, write-mshr-hit, 0.000000000000
3456, GPU[4].SA[0].L1ICache, read-hit, 444.000000000000
3457, GPU[4].SA[0].L1ICache, read-miss, 30.000000000000
3458, GPU[4].SA[0].L1ICache, read-mshr-hit, 0.000000000000
3459, GPU[4].SA[0].L1ICache, write-hit, 0.000000000000
3460, GPU[4].SA[0].L1ICache, write-miss, 0.000000000000
3461, GPU[4].SA[0].L1ICache, write-mshr-hit, 0.000000000000
3462, GPU[4].L2[0], read-hit, 14.000000000000
3463, GPU[4].L2[0], read-miss, 8.000000000000
3464, GPU[4].L2[0], read-mshr-hit, 0.000000000000
3465, GPU[4].L2[0], write-hit, 0.000000000000
3466, GPU[4].L2[0], write-miss, 4.000000000000
3467, GPU[4].L2[0], write-mshr-hit, 0.000000000000
3468, GPU[4].L2[1], read-hit, 12.000000000000
3469, GPU[4].L2[1], read-miss, 4.000000000000
3470, GPU[4].L2[1], read-mshr-hit, 0.000000000000
3471, GPU[4].L2[1], write-hit, 0.000000000000
3472, GPU[4].L2[1], write-miss, 4.000000000000
3473, GPU[4].L2[1], write-mshr-hit, 0.000000000000
3474, GPU[4].L2[2], read-hit, 12.000000000000
3475, GPU[4].L2[2], read-miss, 6.000000000000
3476, GPU[4].L2[2], read-mshr-hit, 0.000000000000
3477, GPU[4].L2[2], write-hit, 0.000000000000
3478, GPU[4].L2[2], write-miss, 4.000000000000
3479, GPU[4].L2[2], write-mshr-hit, 0.000000000000
3480, GPU[4].L2[3], read-hit, 12.000000000000
3481, GPU[4].L2[3], read-miss, 6.000000000000
3482, GPU[4].L2[3], read-mshr-hit, 0.000000000000
3483, GPU[4].L2[3], write-hit, 0.000000000000
3484, GPU[4].L2[3], write-miss, 4.000000000000
3485, GPU[4].L2[3], write-mshr-hit, 0.000000000000
3486, GPU[4].L2[4], read-hit, 12.000000000000
3487, GPU[4].L2[4], read-miss, 6.000000000000
3488, GPU[4].L2[4], read-mshr-hit, 0.000000000000
3489, GPU[4].L2[4], write-hit, 0.000000000000
3490, GPU[4].L2[4], write-miss, 4.000000000000
3491, GPU[4].L2[4], write-mshr-hit, 0.000000000000
3492, GPU[4].L2[5], read-hit, 12.000000000000
3493, GPU[4].L2[5], read-miss, 6.000000000000
3494, GPU[4].L2[5], read-mshr-hit, 0.000000000000
3495, GPU[4].L2[5], write-hit, 0.000000000000
3496, GPU[4].L2[5], write-miss, 4.000000000000
3497, GPU[4].L2[5], write-mshr-hit, 0.000000000000
3498, GPU[4].L2[6], read-hit, 12.000000000000
3499, GPU[4].L2[6], read-miss, 6.000000000000
3500, GPU[4].L2[6], read-mshr-hit, 0.000000000000
3501, GPU[4].L2[6], write-hit, 0.000000000000
3502, GPU[4].L2[6], write-miss, 4.000000000000
3503, GPU[4].L2[6], write-mshr-hit, 0.000000000000
3504, GPU[4].L2[7], read-hit, 12.000000000000
3505, GPU[4].L2[7], read-miss, 6.000000000000
3506, GPU[4].L2[7], read-mshr-hit, 0.000000000000
3507, GPU[4].L2[7], write-hit, 0.000000000000
3508, GPU[4].L2[7], write-miss, 4.000000000000
3509, GPU[4].L2[7], write-mshr-hit, 0.000000000000
3510, GPU[4].L2[8], read-hit, 12.000000000000
3511, GPU[4].L2[8], read-miss, 6.000000000000
3512, GPU[4].L2[8], read-mshr-hit, 0.000000000000
3513, GPU[4].L2[8], write-hit, 0.000000000000
3514, GPU[4].L2[8], write-miss, 4.000000000000
3515, GPU[4].L2[8], write-mshr-hit, 0.000000000000
3516, GPU[4].L2[9], read-hit, 12.000000000000
3517, GPU[4].L2[9], read-miss, 6.000000000000
3518, GPU[4].L2[9], read-mshr-hit, 0.000000000000
3519, GPU[4].L2[9], write-hit, 0.000000000000
3520, GPU[4].L2[9], write-miss, 4.000000000000
3521, GPU[4].L2[9], write-mshr-hit, 0.000000000000
3522, GPU[4].L2[10], read-hit, 12.000000000000
3523, GPU[4].L2[10], read-miss, 6.000000000000
3524, GPU[4].L2[10], read-mshr-hit, 0.000000000000
3525, GPU[4].L2[10], write-hit, 0.000000000000
3526, GPU[4].L2[10], write-miss, 4.000000000000
3527, GPU[4].L2[10], write-mshr-hit, 0.000000000000
3528, GPU[4].L2[11], read-hit, 12.000000000000
3529, GPU[4].L2[11], read-miss, 6.000000000000
3530, GPU[4].L2[11], read-mshr-hit, 0.000000000000
3531, GPU[4].L2[11], write-hit, 0.000000000000
3532, GPU[4].L2[11], write-miss, 4.000000000000
3533, GPU[4].L2[11], write-mshr-hit, 0.000000000000
3534, GPU[4].L2[12], read-hit, 12.000000000000
3535, GPU[4].L2[12], read-miss, 6.000000000000
3536, GPU[4].L2[12], read-mshr-hit, 0.000000000000
3537, GPU[4].L2[12], write-hit, 0.000000000000
3538, GPU[4].L2[12], write-miss, 4.000000000000
3539, GPU[4].L2[12], write-mshr-hit, 0.000000000000
3540, GPU[4].L2[13], read-hit, 12.000000000000
3541, GPU[4].L2[13], read-miss, 6.000000000000
3542, GPU[4].L2[13], read-mshr-hit, 0.000000000000
3543, GPU[4].L2[13], write-hit, 0.000000000000
3544, GPU[4].L2[13], write-miss, 4.000000000000
3545, GPU[4].L2[13], write-mshr-hit, 0.000000000000
3546, GPU[4].L2[14], read-hit, 12.000000000000
3547, GPU[4].L2[14], read-miss, 6.000000000000
3548, GPU[4].L2[14], read-mshr-hit, 0.000000000000
3549, GPU[4].L2[14], write-hit, 0.000000000000
3550, GPU[4].L2[14], write-miss, 4.000000000000
3551, GPU[4].L2[14], write-mshr-hit, 0.000000000000
3552, GPU[4].L2[15], read-hit, 12.000000000000
3553, GPU[4].L2[15], read-miss, 6.000000000000
3554, GPU[4].L2[15], read-mshr-hit, 0.000000000000
3555, GPU[4].L2[15], write-hit, 0.000000000000
3556, GPU[4].L2[15], write-miss, 4.000000000000
3557, GPU[4].L2[15], write-mshr-hit, 0.000000000000
3558, GPU[1].SA[0].L1VTLB[0], hit, 152.000000000000
3559, GPU[1].SA[0].L1VTLB[0], hit-ratio, 0.000000000000
3560, GPU[1].SA[0].L1VTLB[0], miss, 7.000000000000
3561, GPU[1].SA[0].L1VTLB[0], miss-raiot, 0.000000000000
3562, GPU[1].SA[0].L1VTLB[0], mshr-hit, 66.000000000000
3563, GPU[1].SA[0].L1VTLB[1], hit, 152.000000000000
3564, GPU[1].SA[0].L1VTLB[1], hit-ratio, 0.000000000000
3565, GPU[1].SA[0].L1VTLB[1], miss, 7.000000000000
3566, GPU[1].SA[0].L1VTLB[1], miss-raiot, 0.000000000000
3567, GPU[1].SA[0].L1VTLB[1], mshr-hit, 66.000000000000
3568, GPU[1].SA[0].L1STLB, hit, 6.000000000000
3569, GPU[1].SA[0].L1STLB, hit-ratio, 0.000000000000
3570, GPU[1].SA[0].L1STLB, miss, 2.000000000000
3571, GPU[1].SA[0].L1STLB, miss-raiot, 0.000000000000
3572, GPU[1].SA[0].L1STLB, mshr-hit, 8.000000000000
3573, GPU[1].SA[0].L1ITLB, hit, 29.000000000000
3574, GPU[1].SA[0].L1ITLB, hit-ratio, 0.000000000000
3575, GPU[1].SA[0].L1ITLB, miss, 1.000000000000
3576, GPU[1].SA[0].L1ITLB, miss-raiot, 0.000000000000
3577, GPU[1].SA[0].L1ITLB, mshr-hit, 0.000000000000
3578, GPU[1].L2TLB, hit, 2.000000000000
3579, GPU[1].L2TLB, hit-ratio, 0.000000000000
3580, GPU[1].L2TLB, miss, 9.000000000000
3581, GPU[1].L2TLB, miss-raiot, 0.000000000000
3582, GPU[1].L2TLB, mshr-hit, 6.000000000000
3583, GPU[2].SA[0].L1VTLB[0], hit, 152.000000000000
3584, GPU[2].SA[0].L1VTLB[0], hit-ratio, 0.000000000000
3585, GPU[2].SA[0].L1VTLB[0], miss, 7.000000000000
3586, GPU[2].SA[0].L1VTLB[0], miss-raiot, 0.000000000000
3587, GPU[2].SA[0].L1VTLB[0], mshr-hit, 66.000000000000
3588, GPU[2].SA[0].L1VTLB[1], hit, 152.000000000000
3589, GPU[2].SA[0].L1VTLB[1], hit-ratio, 0.000000000000
3590, GPU[2].SA[0].L1VTLB[1], miss, 7.000000000000
3591, GPU[2].SA[0].L1VTLB[1], miss-raiot, 0.000000000000
3592, GPU[2].SA[0].L1VTLB[1], mshr-hit, 66.000000000000
3593, GPU[2].SA[0].L1STLB, hit, 6.000000000000
3594, GPU[2].SA[0].L1STLB, hit-ratio, 0.000000000000
3595, GPU[2].SA[0].L1STLB, miss, 2.000000000000
3596, GPU[2].SA[0].L1STLB, miss-raiot, 0.000000000000
3597, GPU[2].SA[0].L1STLB, mshr-hit, 8.000000000000
3598, GPU[2].SA[0].L1ITLB, hit, 29.000000000000
3599, GPU[2].SA[0].L1ITLB, hit-ratio, 0.000000000000
3600, GPU[2].SA[0].L1ITLB, miss, 1.000000000000
3601, GPU[2].SA[0].L1ITLB, miss-raiot, 0.000000000000
3602, GPU[2].SA[0].L1ITLB, mshr-hit, 0.000000000000
3603, GPU[2].L2TLB, hit, 2.000000000000
3604, GPU[2].L2TLB, hit-ratio, 0.000000000000
3605, GPU[2].L2TLB, miss, 9.000000000000
3606, GPU[2].L2TLB, miss-raiot, 0.000000000000
3607, GPU[2].L2TLB, mshr-hit, 6.000000000000
3608, GPU[3].SA[0].L1VTLB[0], hit, 152.000000000000
3609, GPU[3].SA[0].L1VTLB[0], hit-ratio, 0.000000000000
3610, GPU[3].SA[0].L1VTLB[0], miss, 7.000000000000
3611, GPU[3].SA[0].L1VTLB[0], miss-raiot, 0.000000000000
3612, GPU[3].SA[0].L1VTLB[0], mshr-hit, 66.000000000000
3613, GPU[3].SA[0].L1VTLB[1], hit, 152.000000000000
3614, GPU[3].SA[0].L1VTLB[1], hit-ratio, 0.000000000000
3615, GPU[3].SA[0].L1VTLB[1], miss, 7.000000000000
3616, GPU[3].SA[0].L1VTLB[1], miss-raiot, 0.000000000000
3617, GPU[3].SA[0].L1VTLB[1], mshr-hit, 66.000000000000
3618, GPU[3].SA[0].L1STLB, hit, 6.000000000000
3619, GPU[3].SA[0].L1STLB, hit-ratio, 0.000000000000
3620, GPU[3].SA[0].L1STLB, miss, 2.000000000000
3621, GPU[3].SA[0].L1STLB, miss-raiot, 0.000000000000
3622, GPU[3].SA[0].L1STLB, mshr-hit, 8.000000000000
3623, GPU[3].SA[0].L1ITLB, hit, 29.000000000000
3624, GPU[3].SA[0].L1ITLB, hit-ratio, 0.000000000000
3625, GPU[3].SA[0].L1ITLB, miss, 1.000000000000
3626, GPU[3].SA[0].L1ITLB, miss-raiot, 0.000000000000
3627, GPU[3].SA[0].L1ITLB, mshr-hit, 0.000000000000
3628, GPU[3].L2TLB, hit, 2.000000000000
3629, GPU[3].L2TLB, hit-ratio, 0.000000000000
3630, GPU[3].L2TLB, miss, 9.000000000000
3631, GPU[3].L2TLB, miss-raiot, 0.000000000000
3632, GPU[3].L2TLB, mshr-hit, 6.000000000000
3633, GPU[4].SA[0].L1VTLB[0], hit, 152.000000000000
3634, GPU[4].SA[0].L1VTLB[0], hit-ratio, 0.000000000000
3635, GPU[4].SA[0].L1VTLB[0], miss, 7.000000000000
3636, GPU[4].SA[0].L1VTLB[0], miss-raiot, 0.000000000000
3637, GPU[4].SA[0].L1VTLB[0], mshr-hit, 66.000000000000
3638, GPU[4].SA[0].L1VTLB[1], hit, 152.000000000000
3639, GPU[4].SA[0].L1VTLB[1], hit-ratio, 0.000000000000
3640, GPU[4].SA[0].L1VTLB[1], miss, 7.000000000000
3641, GPU[4].SA[0].L1VTLB[1], miss-raiot, 0.000000000000
3642, GPU[4].SA[0].L1VTLB[1], mshr-hit, 66.000000000000
3643, GPU[4].SA[0].L1STLB, hit, 6.000000000000
3644, GPU[4].SA[0].L1STLB, hit-ratio, 0.000000000000
3645, GPU[4].SA[0].L1STLB, miss, 2.000000000000
3646, GPU[4].SA[0].L1STLB, miss-raiot, 0.000000000000
3647, GPU[4].SA[0].L1STLB, mshr-hit, 8.000000000000
3648, GPU[4].SA[0].L1ITLB, hit, 29.000000000000
3649, GPU[4].SA[0].L1ITLB, hit-ratio, 0.000000000000
3650, GPU[4].SA[0].L1ITLB, miss, 1.000000000000
3651, GPU[4].SA[0].L1ITLB, miss-raiot, 0.000000000000
3652, GPU[4].SA[0].L1ITLB, mshr-hit, 0.000000000000
3653, GPU[4].L2TLB, hit, 2.000000000000
3654, GPU[4].L2TLB, hit-ratio, 0.000000000000
3655, GPU[4].L2TLB, miss, 9.000000000000
3656, GPU[4].L2TLB, miss-raiot, 0.000000000000
3657, GPU[4].L2TLB, mshr-hit, 6.000000000000
3658, GPU[1].RDMA, outgoing_trans_count, 192.000000000000
3659, GPU[1].RDMA, incoming_trans_count, 576.000000000000
3660, GPU[2].RDMA, outgoing_trans_count, 320.000000000000
3661, GPU[2].RDMA, incoming_trans_count, 192.000000000000
3662, GPU[3].RDMA, outgoing_trans_count, 320.000000000000
3663, GPU[3].RDMA, incoming_trans_count, 192.000000000000
3664, GPU[4].RDMA, outgoing_trans_count, 320.000000000000
3665, GPU[4].RDMA, incoming_trans_count, 192.000000000000
3666, GPU[1].DRAM[0], read_trans_count, 16.000000000000
3667, GPU[1].DRAM[0], write_trans_count, 16.000000000000
3668, GPU[1].DRAM[0], read_avg_latency, 0.000000000000
3669, GPU[1].DRAM[0], write_avg_latency, 0.000000000000
3670, GPU[1].DRAM[0], read_size, 1024.000000000000
3671, GPU[1].DRAM[0], write_size, 1016.000000000000
3672, GPU[1].DRAM[1], read_trans_count, 12.000000000000
3673, GPU[1].DRAM[1], write_trans_count, 14.000000000000
3674, GPU[1].DRAM[1], read_avg_latency, 0.000000000000
3675, GPU[1].DRAM[1], write_avg_latency, 0.000000000000
3676, GPU[1].DRAM[1], read_size, 768.000000000000
3677, GPU[1].DRAM[1], write_size, 896.000000000000
3678, GPU[1].DRAM[2], read_trans_count, 14.000000000000
3679, GPU[1].DRAM[2], write_trans_count, 14.000000000000
3680, GPU[1].DRAM[2], read_avg_latency, 0.000000000000
3681, GPU[1].DRAM[2], write_avg_latency, 0.000000000000
3682, GPU[1].DRAM[2], read_size, 896.000000000000
3683, GPU[1].DRAM[2], write_size, 896.000000000000
3684, GPU[1].DRAM[3], read_trans_count, 14.000000000000
3685, GPU[1].DRAM[3], write_trans_count, 14.000000000000
3686, GPU[1].DRAM[3], read_avg_latency, 0.000000000000
3687, GPU[1].DRAM[3], write_avg_latency, 0.000000000000
3688, GPU[1].DRAM[3], read_size, 896.000000000000
3689, GPU[1].DRAM[3], write_size, 896.000000000000
3690, GPU[1].DRAM[4], read_trans_count, 14.000000000000
3691, GPU[1].DRAM[4], write_trans_count, 14.000000000000
3692, GPU[1].DRAM[4], read_avg_latency, 0.000000000000
3693, GPU[1].DRAM[4], write_avg_latency, 0.000000000000
3694, GPU[1].DRAM[4], read_size, 896.000000000000
3695, GPU[1].DRAM[4], write_size, 896.000000000000
3696, GPU[1].DRAM[5], read_trans_count, 14.000000000000
3697, GPU[1].DRAM[5], write_trans_count, 14.000000000000
3698, GPU[1].DRAM[5], read_avg_latency, 0.000000000000
3699, GPU[1].DRAM[5], write_avg_latency, 0.000000000000
3700, GPU[1].DRAM[5], read_size, 896.000000000000
3701, GPU[1].DRAM[5], write_size, 896.000000000000
3702, GPU[1].DRAM[6], read_trans_count, 14.000000000000
3703, GPU[1].DRAM[6], write_trans_count, 14.000000000000
3704, GPU[1].DRAM[6], read_avg_latency, 0.000000000000
3705, GPU[1].DRAM[6], write_avg_latency, 0.000000000000
3706, GPU[1].DRAM[6], read_size, 896.000000000000
3707, GPU[1].DRAM[6], write_size, 896.000000000000
3708, GPU[1].DRAM[7], read_trans_count, 14.000000000000
3709, GPU[1].DRAM[7], write_trans_count, 14.000000000000
3710, GPU[1].DRAM[7], read_avg_latency, 0.000000000000
3711, GPU[1].DRAM[7], write_avg_latency, 0.000000000000
3712, GPU[1].DRAM[7], read_size, 896.000000000000
3713, GPU[1].DRAM[7], write_size, 896.000000000000
3714, GPU[1].DRAM[8], read_trans_count, 14.000000000000
3715, GPU[1].DRAM[8], write_trans_count, 14.000000000000
3716, GPU[1].DRAM[8], read_avg_latency, 0.000000000000
3717, GPU[1].DRAM[8], write_avg_latency, 0.000000000000
3718, GPU[1].DRAM[8], read_size, 896.000000000000
3719, GPU[1].DRAM[8], write_size, 896.000000000000
3720, GPU[1].DRAM[9], read_trans_count, 14.000000000000
3721, GPU[1].DRAM[9], write_trans_count, 14.000000000000
3722, GPU[1].DRAM[9], read_avg_latency, 0.000000000000
3723, GPU[1].DRAM[9], write_avg_latency, 0.000000000000
3724, GPU[1].DRAM[9], read_size, 896.000000000000
3725, GPU[1].DRAM[9], write_size, 896.000000000000
3726, GPU[1].DRAM[10], read_trans_count, 14.000000000000
3727, GPU[1].DRAM[10], write_trans_count, 14.000000000000
3728, GPU[1].DRAM[10], read_avg_latency, 0.000000000000
3729, GPU[1].DRAM[10], write_avg_latency, 0.000000000000
3730, GPU[1].DRAM[10], read_size, 896.000000000000
3731, GPU[1].DRAM[10], write_size, 896.000000000000
3732, GPU[1].DRAM[11], read_trans_count, 14.000000000000
3733, GPU[1].DRAM[11], write_trans_count, 14.000000000000
3734, GPU[1].DRAM[11], read_avg_latency, 0.000000000000
3735, GPU[1].DRAM[11], write_avg_latency, 0.000000000000
3736, GPU[1].DRAM[11], read_size, 896.000000000000
3737, GPU[1].DRAM[11], write_size, 896.000000000000
3738, GPU[1].DRAM[12], read_trans_count, 14.000000000000
3739, GPU[1].DRAM[12], write_trans_count, 14.000000000000
3740, GPU[1].DRAM[12], read_avg_latency, 0.000000000000
3741, GPU[1].DRAM[12], write_avg_latency, 0.000000000000
3742, GPU[1].DRAM[12], read_size, 896.000000000000
3743, GPU[1].DRAM[12], write_size, 896.000000000000
3744, GPU[1].DRAM[13], read_trans_count, 14.000000000000
3745, GPU[1].DRAM[13], write_trans_count, 14.000000000000
3746, GPU[1].DRAM[13], read_avg_latency, 0.000000000000
3747, GPU[1].DRAM[13], write_avg_latency, 0.000000000000
3748, GPU[1].DRAM[13], read_size, 896.000000000000
3749, GPU[1].DRAM[13], write_size, 896.000000000000
3750, GPU[1].DRAM[14], read_trans_count, 14.000000000000
3751, GPU[1].DRAM[14], write_trans_count, 14.000000000000
3752, GPU[1].DRAM[14], read_avg_latency, 0.000000000000
3753, GPU[1].DRAM[14], write_avg_latency, 0.000000000000
3754, GPU[1].DRAM[14], read_size, 896.000000000000
3755, GPU[1].DRAM[14], write_size, 896.000000000000
3756, GPU[1].DRAM[15], read_trans_count, 14.000000000000
3757, GPU[1].DRAM[15], write_trans_count, 13.000000000000
3758, GPU[1].DRAM[15], read_avg_latency, 0.000000000000
3759, GPU[1].DRAM[15], write_avg_latency, 0.000000000000
3760, GPU[1].DRAM[15], read_size, 896.000000000000
3761, GPU[1].DRAM[15], write_size, 792.000000000000
3762, GPU[2].DRAM[0], read_trans_count, 12.000000000000
3763, GPU[2].DRAM[0], write_trans_count, 16.000000000000
3764, GPU[2].DRAM[0], read_avg_latency, 0.000000000000
3765, GPU[2].DRAM[0], write_avg_latency, 0.000000000000
3766, GPU[2].DRAM[0], read_size, 768.000000000000
3767, GPU[2].DRAM[0], write_size, 1016.000000000000
3768, GPU[2].DRAM[1], read_trans_count, 8.000000000000
3769, GPU[2].DRAM[1], write_trans_count, 14.000000000000
3770, GPU[2].DRAM[1], read_avg_latency, 0.000000000000
3771, GPU[2].DRAM[1], write_avg_latency, 0.000000000000
3772, GPU[2].DRAM[1], read_size, 512.000000000000
3773, GPU[2].DRAM[1], write_size, 896.000000000000
3774, GPU[2].DRAM[2], read_trans_count, 10.000000000000
3775, GPU[2].DRAM[2], write_trans_count, 14.000000000000
3776, GPU[2].DRAM[2], read_avg_latency, 0.000000000000
3777, GPU[2].DRAM[2], write_avg_latency, 0.000000000000
3778, GPU[2].DRAM[2], read_size, 640.000000000000
3779, GPU[2].DRAM[2], write_size, 896.000000000000
3780, GPU[2].DRAM[3], read_trans_count, 10.000000000000
3781, GPU[2].DRAM[3], write_trans_count, 14.000000000000
3782, GPU[2].DRAM[3], read_avg_latency, 0.000000000000
3783, GPU[2].DRAM[3], write_avg_latency, 0.000000000000
3784, GPU[2].DRAM[3], read_size, 640.000000000000
3785, GPU[2].DRAM[3], write_size, 896.000000000000
3786, GPU[2].DRAM[4], read_trans_count, 10.000000000000
3787, GPU[2].DRAM[4], write_trans_count, 14.000000000000
3788, GPU[2].DRAM[4], read_avg_latency, 0.000000000000
3789, GPU[2].DRAM[4], write_avg_latency, 0.000000000000
3790, GPU[2].DRAM[4], read_size, 640.000000000000
3791, GPU[2].DRAM[4], write_size, 896.000000000000
3792, GPU[2].DRAM[5], read_trans_count, 10.000000000000
3793, GPU[2].DRAM[5], write_trans_count, 14.000000000000
3794, GPU[2].DRAM[5], read_avg_latency, 0.000000000000
3795, GPU[2].DRAM[5], write_avg_latency, 0.000000000000
3796, GPU[2].DRAM[5], read_size, 640.000000000000
3797, GPU[2].DRAM[5], write_size, 896.000000000000
3798, GPU[2].DRAM[6], read_trans_count, 10.000000000000
3799, GPU[2].DRAM[6], write_trans_count, 14.000000000000
3800, GPU[2].DRAM[6], read_avg_latency, 0.000000000000
3801, GPU[2].DRAM[6], write_avg_latency, 0.000000000000
3802, GPU[2].DRAM[6], read_size, 640.000000000000
3803, GPU[2].DRAM[6], write_size, 896.000000000000
3804, GPU[2].DRAM[7], read_trans_count, 10.000000000000
3805, GPU[2].DRAM[7], write_trans_count, 14.000000000000
3806, GPU[2].DRAM[7], read_avg_latency, 0.000000000000
3807, GPU[2].DRAM[7], write_avg_latency, 0.000000000000
3808, GPU[2].DRAM[7], read_size, 640.000000000000
3809, GPU[2].DRAM[7], write_size, 896.000000000000
3810, GPU[2].DRAM[8], read_trans_count, 10.000000000000
3811, GPU[2].DRAM[8], write_trans_count, 14.000000000000
3812, GPU[2].DRAM[8], read_avg_latency, 0.000000000000
3813, GPU[2].DRAM[8], write_avg_latency, 0.000000000000
3814, GPU[2].DRAM[8], read_size, 640.000000000000
3815, GPU[2].DRAM[8], write_size, 896.000000000000
3816, GPU[2].DRAM[9], read_trans_count, 10.000000000000
3817, GPU[2].DRAM[9], write_trans_count, 14.000000000000
3818, GPU[2].DRAM[9], read_avg_latency, 0.000000000000
3819, GPU[2].DRAM[9], write_avg_latency, 0.000000000000
3820, GPU[2].DRAM[9], read_size, 640.000000000000
3821, GPU[2].DRAM[9], write_size, 896.000000000000
3822, GPU[2].DRAM[10], read_trans_count, 10.000000000000
3823, GPU[2].DRAM[10], write_trans_count, 14.000000000000
3824, GPU[2].DRAM[10], read_avg_latency, 0.000000000000
3825, GPU[2].DRAM[10], write_avg_latency, 0.000000000000
3826, GPU[2].DRAM[10], read_size, 640.000000000000
3827, GPU[2].DRAM[10], write_size, 896.000000000000
3828, GPU[2].DRAM[11], read_trans_count, 10.000000000000
3829, GPU[2].DRAM[11], write_trans_count, 14.000000000000
3830, GPU[2].DRAM[11], read_avg_latency, 0.000000000000
3831, GPU[2].DRAM[11], write_avg_latency, 0.000000000000
3832, GPU[2].DRAM[11], read_size, 640.000000000000
3833, GPU[2].DRAM[11], write_size, 896.000000000000
3834, GPU[2].DRAM[12], read_trans_count, 10.000000000000
3835, GPU[2].DRAM[12], write_trans_count, 14.000000000000
3836, GPU[2].DRAM[12], read_avg_latency, 0.000000000000
3837, GPU[2].DRAM[12], write_avg_latency, 0.000000000000
3838, GPU[2].DRAM[12], read_size, 640.000000000000
3839, GPU[2].DRAM[12], write_size, 896.000000000000
3840, GPU[2].DRAM[13], read_trans_count, 10.000000000000
3841, GPU[2].DRAM[13], write_trans_count, 14.000000000000
3842, GPU[2].DRAM[13], read_avg_latency, 0.000000000000
3843, GPU[2].DRAM[13], write_avg_latency, 0.000000000000
3844, GPU[2].DRAM[13], read_size, 640.000000000000
3845, GPU[2].DRAM[13], write_size, 896.000000000000
3846, GPU[2].DRAM[14], read_trans_count, 10.000000000000
3847, GPU[2].DRAM[14], write_trans_count, 14.000000000000
3848, GPU[2].DRAM[14], read_avg_latency, 0.000000000000
3849, GPU[2].DRAM[14], write_avg_latency, 0.000000000000
3850, GPU[2].DRAM[14], read_size, 640.000000000000
3851, GPU[2].DRAM[14], write_size, 896.000000000000
3852, GPU[2].DRAM[15], read_trans_count, 10.000000000000
3853, GPU[2].DRAM[15], write_trans_count, 13.000000000000
3854, GPU[2].DRAM[15], read_avg_latency, 0.000000000000
3855, GPU[2].DRAM[15], write_avg_latency, 0.000000000000
3856, GPU[2].DRAM[15], read_size, 640.000000000000
3857, GPU[2].DRAM[15], write_size, 792.000000000000
3858, GPU[3].DRAM[0], read_trans_count, 12.000000000000
3859, GPU[3].DRAM[0], write_trans_count, 16.000000000000
3860, GPU[3].DRAM[0], read_avg_latency, 0.000000000000
3861, GPU[3].DRAM[0], write_avg_latency, 0.000000000000
3862, GPU[3].DRAM[0], read_size, 768.000000000000
3863, GPU[3].DRAM[0], write_size, 1016.000000000000
3864, GPU[3].DRAM[1], read_trans_count, 8.000000000000
3865, GPU[3].DRAM[1], write_trans_count, 14.000000000000
3866, GPU[3].DRAM[1], read_avg_latency, 0.000000000000
3867, GPU[3].DRAM[1], write_avg_latency, 0.000000000000
3868, GPU[3].DRAM[1], read_size, 512.000000000000
3869, GPU[3].DRAM[1], write_size, 896.000000000000
3870, GPU[3].DRAM[2], read_trans_count, 10.000000000000
3871, GPU[3].DRAM[2], write_trans_count, 14.000000000000
3872, GPU[3].DRAM[2], read_avg_latency, 0.000000000000
3873, GPU[3].DRAM[2], write_avg_latency, 0.000000000000
3874, GPU[3].DRAM[2], read_size, 640.000000000000
3875, GPU[3].DRAM[2], write_size, 896.000000000000
3876, GPU[3].DRAM[3], read_trans_count, 10.000000000000
3877, GPU[3].DRAM[3], write_trans_count, 14.000000000000
3878, GPU[3].DRAM[3], read_avg_latency, 0.000000000000
3879, GPU[3].DRAM[3], write_avg_latency, 0.000000000000
3880, GPU[3].DRAM[3], read_size, 640.000000000000
3881, GPU[3].DRAM[3], write_size, 896.000000000000
3882, GPU[3].DRAM[4], read_trans_count, 10.000000000000
3883, GPU[3].DRAM[4], write_trans_count, 14.000000000000
3884, GPU[3].DRAM[4], read_avg_latency, 0.000000000000
3885, GPU[3].DRAM[4], write_avg_latency, 0.000000000000
3886, GPU[3].DRAM[4], read_size, 640.000000000000
3887, GPU[3].DRAM[4], write_size, 896.000000000000
3888, GPU[3].DRAM[5], read_trans_count, 10.000000000000
3889, GPU[3].DRAM[5], write_trans_count, 14.000000000000
3890, GPU[3].DRAM[5], read_avg_latency, 0.000000000000
3891, GPU[3].DRAM[5], write_avg_latency, 0.000000000000
3892, GPU[3].DRAM[5], read_size, 640.000000000000
3893, GPU[3].DRAM[5], write_size, 896.000000000000
3894, GPU[3].DRAM[6], read_trans_count, 10.000000000000
3895, GPU[3].DRAM[6], write_trans_count, 14.000000000000
3896, GPU[3].DRAM[6], read_avg_latency, 0.000000000000
3897, GPU[3].DRAM[6], write_avg_latency, 0.000000000000
3898, GPU[3].DRAM[6], read_size, 640.000000000000
3899, GPU[3].DRAM[6], write_size, 896.000000000000
3900, GPU[3].DRAM[7], read_trans_count, 10.000000000000
3901, GPU[3].DRAM[7], write_trans_count, 14.000000000000
3902, GPU[3].DRAM[7], read_avg_latency, 0.000000000000
3903, GPU[3].DRAM[7], write_avg_latency, 0.000000000000
3904, GPU[3].DRAM[7], read_size, 640.000000000000
3905, GPU[3].DRAM[7], write_size, 896.000000000000
3906, GPU[3].DRAM[8], read_trans_count, 10.000000000000
3907, GPU[3].DRAM[8], write_trans_count, 14.000000000000
3908, GPU[3].DRAM[8], read_avg_latency, 0.000000000000
3909, GPU[3].DRAM[8], write_avg_latency, 0.000000000000
3910, GPU[3].DRAM[8], read_size, 640.000000000000
3911, GPU[3].DRAM[8], write_size, 896.000000000000
3912, GPU[3].DRAM[9], read_trans_count, 10.000000000000
3913, GPU[3].DRAM[9], write_trans_count, 14.000000000000
3914, GPU[3].DRAM[9], read_avg_latency, 0.000000000000
3915, GPU[3].DRAM[9], write_avg_latency, 0.000000000000
3916, GPU[3].DRAM[9], read_size, 640.000000000000
3917, GPU[3].DRAM[9], write_size, 896.000000000000
3918, GPU[3].DRAM[10], read_trans_count, 10.000000000000
3919, GPU[3].DRAM[10], write_trans_count, 14.000000000000
3920, GPU[3].DRAM[10], read_avg_latency, 0.000000000000
3921, GPU[3].DRAM[10], write_avg_latency, 0.000000000000
3922, GPU[3].DRAM[10], read_size, 640.000000000000
3923, GPU[3].DRAM[10], write_size, 896.000000000000
3924, GPU[3].DRAM[11], read_trans_count, 10.000000000000
3925, GPU[3].DRAM[11], write_trans_count, 14.000000000000
3926, GPU[3].DRAM[11], read_avg_latency, 0.000000000000
3927, GPU[3].DRAM[11], write_avg_latency, 0.000000000000
3928, GPU[3].DRAM[11], read_size, 640.000000000000
3929, GPU[3].DRAM[11], write_size, 896.000000000000
3930, GPU[3].DRAM[12], read_trans_count, 10.000000000000
3931, GPU[3].DRAM[12], write_trans_count, 14.000000000000
3932, GPU[3].DRAM[12], read_avg_latency, 0.000000000000
3933, GPU[3].DRAM[12], write_avg_latency, 0.000000000000
3934, GPU[3].DRAM[12], read_size, 640.000000000000
3935, GPU[3].DRAM[12], write_size, 896.000000000000
3936, GPU[3].DRAM[13], read_trans_count, 10.000000000000
3937, GPU[3].DRAM[13], write_trans_count, 14.000000000000
3938, GPU[3].DRAM[13], read_avg_latency, 0.000000000000
3939, GPU[3].DRAM[13], write_avg_latency, 0.000000000000
3940, GPU[3].DRAM[13], read_size, 640.000000000000
3941, GPU[3].DRAM[13], write_size, 896.000000000000
3942, GPU[3].DRAM[14], read_trans_count, 10.000000000000
3943, GPU[3].DRAM[14], write_trans_count, 14.000000000000
3944, GPU[3].DRAM[14], read_avg_latency, 0.000000000000
3945, GPU[3].DRAM[14], write_avg_latency, 0.000000000000
3946, GPU[3].DRAM[14], read_size, 640.000000000000
3947, GPU[3].DRAM[14], write_size, 896.000000000000
3948, GPU[3].DRAM[15], read_trans_count, 10.000000000000
3949, GPU[3].DRAM[15], write_trans_count, 13.000000000000
3950, GPU[3].DRAM[15], read_avg_latency, 0.000000000000
3951, GPU[3].DRAM[15], write_avg_latency, 0.000000000000
3952, GPU[3].DRAM[15], read_size, 640.000000000000
3953, GPU[3].DRAM[15], write_size, 792.000000000000
3954, GPU[4].DRAM[0], read_trans_count, 12.000000000000
3955, GPU[4].DRAM[0], write_trans_count, 16.000000000000
3956, GPU[4].DRAM[0], read_avg_latency, 0.000000000000
3957, GPU[4].DRAM[0], write_avg_latency, 0.000000000000
3958, GPU[4].DRAM[0], read_size, 768.000000000000
3959, GPU[4].DRAM[0], write_size, 1016.000000000000
3960, GPU[4].DRAM[1], read_trans_count, 8.000000000000
3961, GPU[4].DRAM[1], write_trans_count, 14.000000000000
3962, GPU[4].DRAM[1], read_avg_latency, 0.000000000000
3963, GPU[4].DRAM[1], write_avg_latency, 0.000000000000
3964, GPU[4].DRAM[1], read_size, 512.000000000000
3965, GPU[4].DRAM[1], write_size, 896.000000000000
3966, GPU[4].DRAM[2], read_trans_count, 10.000000000000
3967, GPU[4].DRAM[2], write_trans_count, 14.000000000000
3968, GPU[4].DRAM[2], read_avg_latency, 0.000000000000
3969, GPU[4].DRAM[2], write_avg_latency, 0.000000000000
3970, GPU[4].DRAM[2], read_size, 640.000000000000
3971, GPU[4].DRAM[2], write_size, 896.000000000000
3972, GPU[4].DRAM[3], read_trans_count, 10.000000000000
3973, GPU[4].DRAM[3], write_trans_count, 14.000000000000
3974, GPU[4].DRAM[3], read_avg_latency, 0.000000000000
3975, GPU[4].DRAM[3], write_avg_latency, 0.000000000000
3976, GPU[4].DRAM[3], read_size, 640.000000000000
3977, GPU[4].DRAM[3], write_size, 896.000000000000
3978, GPU[4].DRAM[4], read_trans_count, 10.000000000000
3979, GPU[4].DRAM[4], write_trans_count, 14.000000000000
3980, GPU[4].DRAM[4], read_avg_latency, 0.000000000000
3981, GPU[4].DRAM[4], write_avg_latency, 0.000000000000
3982, GPU[4].DRAM[4], read_size, 640.000000000000
3983, GPU[4].DRAM[4], write_size, 896.000000000000
3984, GPU[4].DRAM[5], read_trans_count, 10.000000000000
3985, GPU[4].DRAM[5], write_trans_count, 14.000000000000
3986, GPU[4].DRAM[5], read_avg_latency, 0.000000000000
3987, GPU[4].DRAM[5], write_avg_latency, 0.000000000000
3988, GPU[4].DRAM[5], read_size, 640.000000000000
3989, GPU[4].DRAM[5], write_size, 896.000000000000
3990, GPU[4].DRAM[6], read_trans_count, 10.000000000000
3991, GPU[4].DRAM[6], write_trans_count, 14.000000000000
3992, GPU[4].DRAM[6], read_avg_latency, 0.000000000000
3993, GPU[4].DRAM[6], write_avg_latency, 0.000000000000
3994, GPU[4].DRAM[6], read_size, 640.000000000000
3995, GPU[4].DRAM[6], write_size, 896.000000000000
3996, GPU[4].DRAM[7], read_trans_count, 10.000000000000
3997, GPU[4].DRAM[7], write_trans_count, 14.000000000000
3998, GPU[4].DRAM[7], read_avg_latency, 0.000000000000
3999, GPU[4].DRAM[7], write_avg_latency, 0.000000000000
4000, GPU[4].DRAM[7], read_size, 640.000000000000
4001, GPU[4].DRAM[7], write_size, 896.000000000000
4002, GPU[4].DRAM[8], read_trans_count, 10.000000000000
4003, GPU[4].DRAM[8], write_trans_count, 14.000000000000
4004, GPU[4].DRAM[8], read_avg_latency, 0.000000000000
4005, GPU[4].DRAM[8], write_avg_latency, 0.000000000000
4006, GPU[4].DRAM[8], read_size, 640.000000000000
4007, GPU[4].DRAM[8], write_size, 896.000000000000
4008, GPU[4].DRAM[9], read_trans_count, 10.000000000000
4009, GPU[4].DRAM[9], write_trans_count, 14.000000000000
4010, GPU[4].DRAM[9], read_avg_latency, 0.000000000000
4011, GPU[4].DRAM[9], write_avg_latency, 0.000000000000
4012, GPU[4].DRAM[9], read_size, 640.000000000000
4013, GPU[4].DRAM[9], write_size, 896.000000000000
4014, GPU[4].DRAM[10], read_trans_count, 10.000000000000
4015, GPU[4].DRAM[10], write_trans_count, 14.000000000000
4016, GPU[4].DRAM[10], read_avg_latency, 0.000000000000
4017, GPU[4].DRAM[10], write_avg_latency, 0.000000000000
4018, GPU[4].DRAM[10], read_size, 640.000000000000
4019, GPU[4].DRAM[10], write_size, 896.000000000000
4020, GPU[4].DRAM[11], read_trans_count, 10.000000000000
4021, GPU[4].DRAM[11], write_trans_count, 14.000000000000
4022, GPU[4].DRAM[11], read_avg_latency, 0.000000000000
4023, GPU[4].DRAM[11], write_avg_latency, 0.000000000000
4024, GPU[4].DRAM[11], read_size, 640.000000000000
4025, GPU[4].DRAM[11], write_size, 896.000000000000
4026, GPU[4].DRAM[12], read_trans_count, 10.000000000000
4027, GPU[4].DRAM[12], write_trans_count, 14.000000000000
4028, GPU[4].DRAM[12], read_avg_latency, 0.000000000000
4029, GPU[4].DRAM[12], write_avg_latency, 0.000000000000
4030, GPU[4].DRAM[12], read_size, 640.000000000000
4031, GPU[4].DRAM[12], write_size, 896.000000000000
4032, GPU[4].DRAM[13], read_trans_count, 10.000000000000
4033, GPU[4].DRAM[13], write_trans_count, 14.000000000000
4034, GPU[4].DRAM[13], read_avg_latency, 0.000000000000
4035, GPU[4].DRAM[13], write_avg_latency, 0.000000000000
4036, GPU[4].DRAM[13], read_size, 640.000000000000
4037, GPU[4].DRAM[13], write_size, 896.000000000000
4038, GPU[4].DRAM[14], read_trans_count, 10.000000000000
4039, GPU[4].DRAM[14], write_trans_count, 14.000000000000
4040, GPU[4].DRAM[14], read_avg_latency, 0.000000000000
4041, GPU[4].DRAM[14], write_avg_latency, 0.000000000000
4042, GPU[4].DRAM[14], read_size, 640.000000000000
4043, GPU[4].DRAM[14], write_size, 896.000000000000
4044, GPU[4].DRAM[15], read_trans_count, 10.000000000000
4045, GPU[4].DRAM[15], write_trans_count, 13.000000000000
4046, GPU[4].DRAM[15], read_avg_latency, 0.000000000000
4047, GPU[4].DRAM[15], write_avg_latency, 0.000000000000
4048, GPU[4].DRAM[15], read_size, 640.000000000000
4049, GPU[4].DRAM[15], write_size, 792.000000000000
